3117000000 16 1 1
3117000000 94 6 2
3117000000 390 16 3
3117000000 130 2 4
3117000000 12 20 5
3117000000 419 18 6
3117000000 100 4 7
3117000000 148 3 8
3117000000 10 7 9
3117000000 427 8 10
3117000000 152 34 11
3117000000 9 23 12
3117000000 29 25 13
3117000000 257 5 14
3117000000 171 36 15
3117000000 384 24 16
3117000000 249 9 17 
3117000000 202 14 18
3117000000 71 13 19
3117000000 367 26 20
3117000000 397 28 21
3117000000 407 11 22
3117000000 55 37 23
3117000000 237 10 24
3117000000 409 27 25
3117000000 204 15 26
3117000000 79 17 27
3117000000 328 38 28
3117000000 246 12 29
3117000000 46 19 30
3117000000 244 30  31
3117000000 323 21 32
3117000000 231 31 33
3117000000 331 22 34
3117000000 296 32 35
3117000000 172 29 36
3117000000 292 33 37
3117000000 334 35 38
3354000000 16 1 1
3354000000 94 6 2
3354000000 390 16 3
3354000000 130 2 4
3354000000 12 20 5
3354000000 419 18 6
3354000000 100 4 7
3354000000 148 3 8
3354000000 10 7 9
3354000000 427 8 10
3354000000 152 34 11
3354000000 9 23 12
3354000000 29 25 13
3354000000 257 5 14
3354000000 171 36 15
3354000000 384 24 16
3354000000 249 9 17 
3354000000 202 14 18
3354000000 71 13 19
3354000000 367 26 20
3354000000 397 28 21
3354000000 407 11 22
3354000000 55 37 23
3354000000 237 10 24
3354000000 409 27 25
3354000000 204 15 26
3354000000 79 17 27
3354000000 328 38 28
3354000000 246 12 29
3354000000 46 19 30
3354000000 244 30  31
3354000000 323 21 32
3354000000 231 31 33
3354000000 331 22 34
3354000000 296 32 35
3354000000 172 29 36
3354000000 292 33 37
3354000000 334 35 38
3644000000 16 1 1
3644000000 94 6 2
3644000000 130 2 4
3644000000 12 20 5
3644000000 419 18 6
3644000000 100 4 7
3644000000 148 3 8
3644000000 10 7 9
3644000000 427 8 10
3644000000 152 34 11
3644000000 9 23 12
3644000000 29 25 13
3644000000 257 5 14
3644000000 171 36 15
3644000000 384 24 16
3644000000 249 9 17 
3644000000 202 14 18
3644000000 71 13 19
3644000000 367 26 20
3644000000 397 28 21
3644000000 407 11 22
3644000000 55 37 23
3644000000 237 10 24
3644000000 409 27 25
3644000000 204 15 26
3644000000 79 17 27
3644000000 328 38 28
3644000000 246 12 29
3644000000 46 19 30
3644000000 244 30  31
3644000000 323 21 32
3644000000 231 31 33
3644000000 331 22 34
3644000000 296 32 35
3644000000 172 29 36
3644000000 292 33 37
3644000000 334 35 38
3798000000 16 1 1
3798000000 94 6 2
3798000000 12 20 5
3798000000 419 18 6
3798000000 100 4 7
3798000000 148 3 8
3798000000 10 7 9
3798000000 427 8 10
3798000000 152 34 11
3798000000 9 23 12
3798000000 29 25 13
3798000000 257 5 14
3798000000 171 36 15
3798000000 384 24 16
3798000000 249 9 17 
3798000000 202 14 18
3798000000 71 13 19
3798000000 367 26 20
3798000000 397 28 21
3798000000 407 11 22
3798000000 55 37 23
3798000000 237 10 24
3798000000 409 27 25
3798000000 204 15 26
3798000000 79 17 27
3798000000 328 38 28
3798000000 246 12 29
3798000000 46 19 30
3798000000 244 30  31
3798000000 323 21 32
3798000000 231 31 33
3798000000 331 22 34
3798000000 296 32 35
3798000000 172 29 36
3798000000 292 33 37
3798000000 334 35 38
4013000000 16 1 1
4013000000 94 6 2
4013000000 12 20 5
4013000000 419 18 6
4013000000 100 4 7
4013000000 148 3 8
4013000000 10 7 9
4013000000 427 8 10
4013000000 152 34 11
4013000000 9 23 12
4013000000 29 25 13
4013000000 257 5 14
4013000000 171 36 15
4013000000 384 24 16
4013000000 249 9 17 
4013000000 202 14 18
4013000000 71 13 19
4013000000 367 26 20
4013000000 397 28 21
4013000000 407 11 22
4013000000 55 37 23
4013000000 237 10 24
4013000000 409 27 25
4013000000 204 15 26
4013000000 79 17 27
4013000000 328 38 28
4013000000 246 12 29
4013000000 46 19 30
4013000000 244 30  31
4013000000 323 21 32
4013000000 231 31 33
4013000000 331 22 34
4013000000 296 32 35
4013000000 172 29 36
4013000000 292 33 37
4013000000 334 35 38
4167000000 16 1 1
4167000000 94 6 2
4167000000 12 20 5
4167000000 100 4 7
4167000000 148 3 8
4167000000 10 7 9
4167000000 427 8 10
4167000000 152 34 11
4167000000 9 23 12
4167000000 29 25 13
4167000000 257 5 14
4167000000 171 36 15
4167000000 384 24 16
4167000000 249 9 17 
4167000000 202 14 18
4167000000 71 13 19
4167000000 367 26 20
4167000000 397 28 21
4167000000 407 11 22
4167000000 55 37 23
4167000000 237 10 24
4167000000 409 27 25
4167000000 204 15 26
4167000000 79 17 27
4167000000 328 38 28
4167000000 246 12 29
4167000000 46 19 30
4167000000 244 30  31
4167000000 323 21 32
4167000000 231 31 33
4167000000 331 22 34
4167000000 296 32 35
4167000000 172 29 36
4167000000 292 33 37
4167000000 334 35 38
4259000000 16 1 1
4259000000 94 6 2
4259000000 12 20 5
4259000000 100 4 7
4259000000 148 3 8
4259000000 10 7 9
4259000000 427 8 10
4259000000 152 34 11
4259000000 9 23 12
4259000000 29 25 13
4259000000 257 5 14
4259000000 171 36 15
4259000000 384 24 16
4259000000 249 9 17 
4259000000 202 14 18
4259000000 71 13 19
4259000000 367 26 20
4259000000 397 28 21
4259000000 407 11 22
4259000000 55 37 23
4259000000 237 10 24
4259000000 409 27 25
4259000000 204 15 26
4259000000 79 17 27
4259000000 328 38 28
4259000000 246 12 29
4259000000 46 19 30
4259000000 244 30  31
4259000000 323 21 32
4259000000 231 31 33
4259000000 331 22 34
4259000000 296 32 35
4259000000 172 29 36
4259000000 292 33 37
4259000000 334 35 38
4286000000 16 1 1
4286000000 94 6 2
4286000000 12 20 5
4286000000 100 4 7
4286000000 10 7 9
4286000000 427 8 10
4286000000 152 34 11
4286000000 9 23 12
4286000000 29 25 13
4286000000 257 5 14
4286000000 171 36 15
4286000000 384 24 16
4286000000 249 9 17 
4286000000 202 14 18
4286000000 71 13 19
4286000000 367 26 20
4286000000 397 28 21
4286000000 407 11 22
4286000000 55 37 23
4286000000 237 10 24
4286000000 409 27 25
4286000000 204 15 26
4286000000 79 17 27
4286000000 328 38 28
4286000000 246 12 29
4286000000 46 19 30
4286000000 244 30  31
4286000000 323 21 32
4286000000 231 31 33
4286000000 331 22 34
4286000000 296 32 35
4286000000 172 29 36
4286000000 292 33 37
4286000000 334 35 38
4516000000 16 1 1
4516000000 94 6 2
4516000000 12 20 5
4516000000 100 4 7
4516000000 427 8 10
4516000000 152 34 11
4516000000 9 23 12
4516000000 29 25 13
4516000000 257 5 14
4516000000 171 36 15
4516000000 384 24 16
4516000000 249 9 17 
4516000000 202 14 18
4516000000 71 13 19
4516000000 367 26 20
4516000000 397 28 21
4516000000 407 11 22
4516000000 55 37 23
4516000000 237 10 24
4516000000 409 27 25
4516000000 204 15 26
4516000000 79 17 27
4516000000 328 38 28
4516000000 246 12 29
4516000000 46 19 30
4516000000 244 30  31
4516000000 323 21 32
4516000000 231 31 33
4516000000 331 22 34
4516000000 296 32 35
4516000000 172 29 36
4516000000 292 33 37
4516000000 334 35 38
4629000000 16 1 1
4629000000 94 6 2
4629000000 12 20 5
4629000000 100 4 7
4629000000 427 8 10
4629000000 152 34 11
4629000000 9 23 12
4629000000 29 25 13
4629000000 257 5 14
4629000000 171 36 15
4629000000 384 24 16
4629000000 249 9 17 
4629000000 202 14 18
4629000000 71 13 19
4629000000 367 26 20
4629000000 397 28 21
4629000000 407 11 22
4629000000 55 37 23
4629000000 237 10 24
4629000000 409 27 25
4629000000 204 15 26
4629000000 79 17 27
4629000000 328 38 28
4629000000 246 12 29
4629000000 46 19 30
4629000000 244 30  31
4629000000 323 21 32
4629000000 231 31 33
4629000000 331 22 34
4629000000 296 32 35
4629000000 172 29 36
4629000000 292 33 37
4629000000 334 35 38
4701000000 16 1 1
4701000000 94 6 2
4701000000 12 20 5
4701000000 100 4 7
4701000000 152 34 11
4701000000 9 23 12
4701000000 29 25 13
4701000000 257 5 14
4701000000 171 36 15
4701000000 384 24 16
4701000000 249 9 17 
4701000000 202 14 18
4701000000 71 13 19
4701000000 367 26 20
4701000000 397 28 21
4701000000 407 11 22
4701000000 55 37 23
4701000000 237 10 24
4701000000 409 27 25
4701000000 204 15 26
4701000000 79 17 27
4701000000 328 38 28
4701000000 246 12 29
4701000000 46 19 30
4701000000 244 30  31
4701000000 323 21 32
4701000000 231 31 33
4701000000 331 22 34
4701000000 296 32 35
4701000000 172 29 36
4701000000 292 33 37
4701000000 334 35 38
4825000000 16 1 1
4825000000 94 6 2
4825000000 12 20 5
4825000000 100 4 7
4825000000 152 34 11
4825000000 9 23 12
4825000000 29 25 13
4825000000 257 5 14
4825000000 171 36 15
4825000000 384 24 16
4825000000 249 9 17 
4825000000 202 14 18
4825000000 71 13 19
4825000000 367 26 20
4825000000 397 28 21
4825000000 407 11 22
4825000000 55 37 23
4825000000 237 10 24
4825000000 409 27 25
4825000000 204 15 26
4825000000 79 17 27
4825000000 328 38 28
4825000000 246 12 29
4825000000 46 19 30
4825000000 244 30  31
4825000000 323 21 32
4825000000 231 31 33
4825000000 331 22 34
4825000000 296 32 35
4825000000 172 29 36
4825000000 292 33 37
4825000000 334 35 38
4862000000 16 1 1
4862000000 94 6 2
4862000000 12 20 5
4862000000 100 4 7
4862000000 9 23 12
4862000000 29 25 13
4862000000 257 5 14
4862000000 171 36 15
4862000000 384 24 16
4862000000 249 9 17 
4862000000 202 14 18
4862000000 71 13 19
4862000000 367 26 20
4862000000 397 28 21
4862000000 407 11 22
4862000000 55 37 23
4862000000 237 10 24
4862000000 409 27 25
4862000000 204 15 26
4862000000 79 17 27
4862000000 328 38 28
4862000000 246 12 29
4862000000 46 19 30
4862000000 244 30  31
4862000000 323 21 32
4862000000 231 31 33
4862000000 331 22 34
4862000000 296 32 35
4862000000 172 29 36
4862000000 292 33 37
4862000000 334 35 38
4941000000 16 1 1
4941000000 94 6 2
4941000000 12 20 5
4941000000 100 4 7
4941000000 9 23 12
4941000000 29 25 13
4941000000 257 5 14
4941000000 171 36 15
4941000000 384 24 16
4941000000 249 9 17 
4941000000 202 14 18
4941000000 71 13 19
4941000000 367 26 20
4941000000 397 28 21
4941000000 407 11 22
4941000000 55 37 23
4941000000 237 10 24
4941000000 409 27 25
4941000000 204 15 26
4941000000 79 17 27
4941000000 328 38 28
4941000000 246 12 29
4941000000 46 19 30
4941000000 244 30  31
4941000000 323 21 32
4941000000 231 31 33
4941000000 331 22 34
4941000000 296 32 35
4941000000 172 29 36
4941000000 292 33 37
4941000000 334 35 38
4982000000 12 20 5
4982000000 94 6 2
4982000000 16 1 1
4982000000 100 4 7
4982000000 9 23 12
4982000000 29 25 13
4982000000 257 5 14
4982000000 171 36 15
4982000000 384 24 16
4982000000 249 9 17 
4982000000 202 14 18
4982000000 71 13 19
4982000000 367 26 20
4982000000 397 28 21
4982000000 407 11 22
4982000000 55 37 23
4982000000 237 10 24
4982000000 409 27 25
4982000000 204 15 26
4982000000 79 17 27
4982000000 328 38 28
4982000000 246 12 29
4982000000 46 19 30
4982000000 244 30  31
4982000000 323 21 32
4982000000 231 31 33
4982000000 331 22 34
4982000000 296 32 35
4982000000 172 29 36
4982000000 292 33 37
4982000000 334 35 38
5002000000 12 20 5
5002000000 94 6 2
5002000000 16 1 1
5002000000 100 4 7
5002000000 9 23 12
5002000000 29 25 13
5002000000 257 5 14
5002000000 171 36 15
5002000000 384 24 16
5002000000 249 9 17 
5002000000 202 14 18
5002000000 71 13 19
5002000000 367 26 20
5002000000 397 28 21
5002000000 407 11 22
5002000000 55 37 23
5002000000 237 10 24
5002000000 409 27 25
5002000000 204 15 26
5002000000 79 17 27
5002000000 328 38 28
5002000000 246 12 29
5002000000 46 19 30
5002000000 244 30  31
5002000000 323 21 32
5002000000 231 31 33
5002000000 331 22 34
5002000000 296 32 35
5002000000 172 29 36
5002000000 292 33 37
5002000000 334 35 38
5215000000 12 20 5
5215000000 94 6 2
5215000000 16 1 1
5215000000 100 4 7
5215000000 9 23 12
5215000000 29 25 13
5215000000 171 36 15
5215000000 384 24 16
5215000000 249 9 17 
5215000000 202 14 18
5215000000 71 13 19
5215000000 367 26 20
5215000000 397 28 21
5215000000 407 11 22
5215000000 55 37 23
5215000000 237 10 24
5215000000 409 27 25
5215000000 204 15 26
5215000000 79 17 27
5215000000 328 38 28
5215000000 246 12 29
5215000000 46 19 30
5215000000 244 30  31
5215000000 323 21 32
5215000000 231 31 33
5215000000 331 22 34
5215000000 296 32 35
5215000000 172 29 36
5215000000 292 33 37
5215000000 334 35 38
5222000000 12 20 5
5222000000 94 6 2
5222000000 16 1 1
5222000000 100 4 7
5222000000 9 23 12
5222000000 29 25 13
5222000000 171 36 15
5222000000 384 24 16
5222000000 249 9 17 
5222000000 202 14 18
5222000000 71 13 19
5222000000 367 26 20
5222000000 397 28 21
5222000000 407 11 22
5222000000 55 37 23
5222000000 237 10 24
5222000000 409 27 25
5222000000 204 15 26
5222000000 79 17 27
5222000000 328 38 28
5222000000 246 12 29
5222000000 46 19 30
5222000000 244 30  31
5222000000 323 21 32
5222000000 231 31 33
5222000000 331 22 34
5222000000 296 32 35
5222000000 172 29 36
5222000000 292 33 37
5222000000 334 35 38
5339000000 12 20 5
5339000000 94 6 2
5339000000 16 1 1
5339000000 100 4 7
5339000000 9 23 12
5339000000 29 25 13
5339000000 171 36 15
5339000000 384 24 16
5339000000 249 9 17 
5339000000 202 14 18
5339000000 71 13 19
5339000000 367 26 20
5339000000 397 28 21
5339000000 407 11 22
5339000000 55 37 23
5339000000 237 10 24
5339000000 409 27 25
5339000000 204 15 26
5339000000 79 17 27
5339000000 328 38 28
5339000000 246 12 29
5339000000 46 19 30
5339000000 244 30  31
5339000000 323 21 32
5339000000 231 31 33
5339000000 331 22 34
5339000000 296 32 35
5339000000 172 29 36
5339000000 292 33 37
5339000000 334 35 38
5346000000 12 20 5
5346000000 94 6 2
5346000000 16 1 1
5346000000 100 4 7
5346000000 9 23 12
5346000000 29 25 13
5346000000 384 24 16
5346000000 249 9 17 
5346000000 202 14 18
5346000000 71 13 19
5346000000 367 26 20
5346000000 397 28 21
5346000000 407 11 22
5346000000 55 37 23
5346000000 237 10 24
5346000000 409 27 25
5346000000 204 15 26
5346000000 79 17 27
5346000000 328 38 28
5346000000 246 12 29
5346000000 46 19 30
5346000000 244 30  31
5346000000 323 21 32
5346000000 231 31 33
5346000000 331 22 34
5346000000 296 32 35
5346000000 172 29 36
5346000000 292 33 37
5346000000 334 35 38
5372000000 12 20 5
5372000000 94 6 2
5372000000 16 1 1
5372000000 100 4 7
5372000000 9 23 12
5372000000 29 25 13
5372000000 384 24 16
5372000000 249 9 17 
5372000000 202 14 18
5372000000 71 13 19
5372000000 367 26 20
5372000000 397 28 21
5372000000 407 11 22
5372000000 55 37 23
5372000000 237 10 24
5372000000 409 27 25
5372000000 204 15 26
5372000000 79 17 27
5372000000 328 38 28
5372000000 246 12 29
5372000000 46 19 30
5372000000 244 30  31
5372000000 323 21 32
5372000000 231 31 33
5372000000 331 22 34
5372000000 296 32 35
5372000000 172 29 36
5372000000 292 33 37
5372000000 334 35 38
5376000000 12 20 5
5376000000 94 6 2
5376000000 16 1 1
5376000000 100 4 7
5376000000 9 23 12
5376000000 29 25 13
5376000000 384 24 16
5376000000 249 9 17 
5376000000 202 14 18
5376000000 71 13 19
5376000000 367 26 20
5376000000 397 28 21
5376000000 407 11 22
5376000000 55 37 23
5376000000 237 10 24
5376000000 409 27 25
5376000000 204 15 26
5376000000 79 17 27
5376000000 328 38 28
5376000000 246 12 29
5376000000 46 19 30
5376000000 244 30  31
5376000000 323 21 32
5376000000 231 31 33
5376000000 331 22 34
5376000000 296 32 35
5376000000 172 29 36
5376000000 292 33 37
5376000000 334 35 38
5479000000 12 20 5
5479000000 94 6 2
5479000000 16 1 1
5479000000 100 4 7
5479000000 9 23 12
5479000000 29 25 13
5479000000 249 9 17 
5479000000 202 14 18
5479000000 71 13 19
5479000000 367 26 20
5479000000 397 28 21
5479000000 407 11 22
5479000000 55 37 23
5479000000 237 10 24
5479000000 409 27 25
5479000000 204 15 26
5479000000 79 17 27
5479000000 328 38 28
5479000000 246 12 29
5479000000 46 19 30
5479000000 244 30  31
5479000000 323 21 32
5479000000 231 31 33
5479000000 331 22 34
5479000000 296 32 35
5479000000 172 29 36
5479000000 292 33 37
5479000000 334 35 38
5515000000 12 20 5
5515000000 94 6 2
5515000000 16 1 1
5515000000 100 4 7
5515000000 9 23 12
5515000000 29 25 13
5515000000 249 9 17 
5515000000 202 14 18
5515000000 71 13 19
5515000000 367 26 20
5515000000 397 28 21
5515000000 407 11 22
5515000000 55 37 23
5515000000 237 10 24
5515000000 409 27 25
5515000000 204 15 26
5515000000 79 17 27
5515000000 328 38 28
5515000000 246 12 29
5515000000 46 19 30
5515000000 244 30  31
5515000000 323 21 32
5515000000 231 31 33
5515000000 331 22 34
5515000000 296 32 35
5515000000 172 29 36
5515000000 292 33 37
5515000000 334 35 38
5704000000 12 20 5
5704000000 94 6 2
5704000000 16 1 1
5704000000 100 4 7
5704000000 9 23 12
5704000000 29 25 13
5704000000 249 9 17 
5704000000 202 14 18
5704000000 71 13 19
5704000000 367 26 20
5704000000 397 28 21
5704000000 407 11 22
5704000000 55 37 23
5704000000 237 10 24
5704000000 409 27 25
5704000000 204 15 26
5704000000 79 17 27
5704000000 328 38 28
5704000000 246 12 29
5704000000 46 19 30
5704000000 244 30  31
5704000000 323 21 32
5704000000 231 31 33
5704000000 331 22 34
5704000000 296 32 35
5704000000 172 29 36
5704000000 292 33 37
5704000000 334 35 38
5716000000 12 20 5
5716000000 94 6 2
5716000000 16 1 1
5716000000 100 4 7
5716000000 9 23 12
5716000000 29 25 13
5716000000 202 14 18
5716000000 71 13 19
5716000000 367 26 20
5716000000 397 28 21
5716000000 407 11 22
5716000000 55 37 23
5716000000 237 10 24
5716000000 409 27 25
5716000000 204 15 26
5716000000 79 17 27
5716000000 328 38 28
5716000000 246 12 29
5716000000 46 19 30
5716000000 244 30  31
5716000000 323 21 32
5716000000 231 31 33
5716000000 331 22 34
5716000000 296 32 35
5716000000 172 29 36
5716000000 292 33 37
5716000000 334 35 38
5762000000 12 20 5
5762000000 94 6 2
5762000000 16 1 1
5762000000 100 4 7
5762000000 9 23 12
5762000000 29 25 13
5762000000 71 13 19
5762000000 367 26 20
5762000000 397 28 21
5762000000 407 11 22
5762000000 55 37 23
5762000000 237 10 24
5762000000 409 27 25
5762000000 204 15 26
5762000000 79 17 27
5762000000 328 38 28
5762000000 246 12 29
5762000000 46 19 30
5762000000 244 30  31
5762000000 323 21 32
5762000000 231 31 33
5762000000 331 22 34
5762000000 296 32 35
5762000000 172 29 36
5762000000 292 33 37
5762000000 334 35 38
5813000000 12 20 5
5813000000 94 6 2
5813000000 16 1 1
5813000000 100 4 7
5813000000 9 23 12
5813000000 29 25 13
5813000000 367 26 20
5813000000 397 28 21
5813000000 407 11 22
5813000000 55 37 23
5813000000 237 10 24
5813000000 409 27 25
5813000000 204 15 26
5813000000 79 17 27
5813000000 328 38 28
5813000000 246 12 29
5813000000 46 19 30
5813000000 244 30  31
5813000000 323 21 32
5813000000 231 31 33
5813000000 331 22 34
5813000000 296 32 35
5813000000 172 29 36
5813000000 292 33 37
5813000000 334 35 38
5824000000 12 20 5
5824000000 94 6 2
5824000000 16 1 1
5824000000 100 4 7
5824000000 9 23 12
5824000000 29 25 13
5824000000 397 28 21
5824000000 407 11 22
5824000000 55 37 23
5824000000 237 10 24
5824000000 409 27 25
5824000000 204 15 26
5824000000 79 17 27
5824000000 328 38 28
5824000000 246 12 29
5824000000 46 19 30
5824000000 244 30  31
5824000000 323 21 32
5824000000 231 31 33
5824000000 331 22 34
5824000000 296 32 35
5824000000 172 29 36
5824000000 292 33 37
5824000000 334 35 38
5884000000 12 20 5
5884000000 94 6 2
5884000000 16 1 1
5884000000 100 4 7
5884000000 9 23 12
5884000000 29 25 13
5884000000 407 11 22
5884000000 55 37 23
5884000000 237 10 24
5884000000 409 27 25
5884000000 204 15 26
5884000000 79 17 27
5884000000 328 38 28
5884000000 246 12 29
5884000000 46 19 30
5884000000 244 30  31
5884000000 323 21 32
5884000000 231 31 33
5884000000 331 22 34
5884000000 296 32 35
5884000000 172 29 36
5884000000 292 33 37
5884000000 334 35 38
5901000000 12 20 5
5901000000 94 6 2
5901000000 16 1 1
5901000000 100 4 7
5901000000 9 23 12
5901000000 29 25 13
5901000000 407 11 22
5901000000 55 37 23
5901000000 237 10 24
5901000000 409 27 25
5901000000 204 15 26
5901000000 79 17 27
5901000000 328 38 28
5901000000 246 12 29
5901000000 46 19 30
5901000000 244 30  31
5901000000 323 21 32
5901000000 231 31 33
5901000000 331 22 34
5901000000 296 32 35
5901000000 172 29 36
5901000000 292 33 37
5901000000 334 35 38
5940000000 12 20 5
5940000000 94 6 2
5940000000 16 1 1
5940000000 100 4 7
5940000000 9 23 12
5940000000 29 25 13
5940000000 407 11 22
5940000000 55 37 23
5940000000 237 10 24
5940000000 409 27 25
5940000000 204 15 26
5940000000 79 17 27
5940000000 328 38 28
5940000000 246 12 29
5940000000 46 19 30
5940000000 244 30  31
5940000000 323 21 32
5940000000 231 31 33
5940000000 331 22 34
5940000000 296 32 35
5940000000 172 29 36
5940000000 292 33 37
5940000000 334 35 38
6031000000 12 20 5
6031000000 94 6 2
6031000000 16 1 1
6031000000 100 4 7
6031000000 9 23 12
6031000000 29 25 13
6031000000 55 37 23
6031000000 237 10 24
6031000000 409 27 25
6031000000 204 15 26
6031000000 79 17 27
6031000000 328 38 28
6031000000 246 12 29
6031000000 46 19 30
6031000000 244 30  31
6031000000 323 21 32
6031000000 231 31 33
6031000000 331 22 34
6031000000 296 32 35
6031000000 172 29 36
6031000000 292 33 37
6031000000 334 35 38
6135000000 12 20 5
6135000000 94 6 2
6135000000 16 1 1
6135000000 100 4 7
6135000000 9 23 12
6135000000 29 25 13
6135000000 55 37 23
6135000000 237 10 24
6135000000 409 27 25
6135000000 204 15 26
6135000000 79 17 27
6135000000 328 38 28
6135000000 246 12 29
6135000000 46 19 30
6135000000 244 30  31
6135000000 323 21 32
6135000000 231 31 33
6135000000 331 22 34
6135000000 296 32 35
6135000000 172 29 36
6135000000 292 33 37
6135000000 334 35 38
6166000000 12 20 5
6166000000 94 6 2
6166000000 16 1 1
6166000000 100 4 7
6166000000 9 23 12
6166000000 29 25 13
6166000000 55 37 23
6166000000 237 10 24
6166000000 409 27 25
6166000000 204 15 26
6166000000 79 17 27
6166000000 328 38 28
6166000000 246 12 29
6166000000 46 19 30
6166000000 244 30  31
6166000000 323 21 32
6166000000 231 31 33
6166000000 331 22 34
6166000000 296 32 35
6166000000 172 29 36
6166000000 292 33 37
6166000000 334 35 38
6229000000 12 20 5
6229000000 94 6 2
6229000000 16 1 1
6229000000 100 4 7
6229000000 9 23 12
6229000000 29 25 13
6229000000 55 37 23
6229000000 237 10 24
6229000000 409 27 25
6229000000 204 15 26
6229000000 79 17 27
6229000000 328 38 28
6229000000 246 12 29
6229000000 46 19 30
6229000000 244 30  31
6229000000 323 21 32
6229000000 231 31 33
6229000000 331 22 34
6229000000 296 32 35
6229000000 172 29 36
6229000000 292 33 37
6229000000 334 35 38
6286000000 12 20 5
6286000000 94 6 2
6286000000 16 1 1
6286000000 100 4 7
6286000000 9 23 12
6286000000 29 25 13
6286000000 237 10 24
6286000000 409 27 25
6286000000 204 15 26
6286000000 79 17 27
6286000000 328 38 28
6286000000 246 12 29
6286000000 46 19 30
6286000000 244 30  31
6286000000 323 21 32
6286000000 231 31 33
6286000000 331 22 34
6286000000 296 32 35
6286000000 172 29 36
6286000000 292 33 37
6286000000 334 35 38
6300000000 12 20 5
6300000000 94 6 2
6300000000 16 1 1
6300000000 100 4 7
6300000000 9 23 12
6300000000 29 25 13
6300000000 409 27 25
6300000000 204 15 26
6300000000 79 17 27
6300000000 328 38 28
6300000000 246 12 29
6300000000 46 19 30
6300000000 244 30  31
6300000000 323 21 32
6300000000 231 31 33
6300000000 331 22 34
6300000000 296 32 35
6300000000 172 29 36
6300000000 292 33 37
6300000000 334 35 38
6304000000 12 20 5
6304000000 94 6 2
6304000000 16 1 1
6304000000 100 4 7
6304000000 9 23 12
6304000000 29 25 13
6304000000 204 15 26
6304000000 79 17 27
6304000000 328 38 28
6304000000 246 12 29
6304000000 46 19 30
6304000000 244 30  31
6304000000 323 21 32
6304000000 231 31 33
6304000000 331 22 34
6304000000 296 32 35
6304000000 172 29 36
6304000000 292 33 37
6304000000 334 35 38
6333000000 12 20 5
6333000000 94 6 2
6333000000 16 1 1
6333000000 100 4 7
6333000000 9 23 12
6333000000 29 25 13
6333000000 79 17 27
6333000000 328 38 28
6333000000 246 12 29
6333000000 46 19 30
6333000000 244 30  31
6333000000 323 21 32
6333000000 231 31 33
6333000000 331 22 34
6333000000 296 32 35
6333000000 172 29 36
6333000000 292 33 37
6333000000 334 35 38
6402000000 12 20 5
6402000000 94 6 2
6402000000 16 1 1
6402000000 100 4 7
6402000000 9 23 12
6402000000 29 25 13
6402000000 79 17 27
6402000000 328 38 28
6402000000 246 12 29
6402000000 46 19 30
6402000000 244 30  31
6402000000 323 21 32
6402000000 231 31 33
6402000000 331 22 34
6402000000 296 32 35
6402000000 172 29 36
6402000000 292 33 37
6402000000 334 35 38
6418000000 12 20 5
6418000000 94 6 2
6418000000 16 1 1
6418000000 100 4 7
6418000000 9 23 12
6418000000 29 25 13
6418000000 79 17 27
6418000000 328 38 28
6418000000 246 12 29
6418000000 46 19 30
6418000000 244 30  31
6418000000 323 21 32
6418000000 231 31 33
6418000000 331 22 34
6418000000 296 32 35
6418000000 172 29 36
6418000000 292 33 37
6418000000 334 35 38
6459000000 12 20 5
6459000000 94 6 2
6459000000 16 1 1
6459000000 100 4 7
6459000000 9 23 12
6459000000 29 25 13
6459000000 79 17 27
6459000000 328 38 28
6459000000 246 12 29
6459000000 46 19 30
6459000000 244 30  31
6459000000 323 21 32
6459000000 231 31 33
6459000000 331 22 34
6459000000 296 32 35
6459000000 172 29 36
6459000000 292 33 37
6459000000 334 35 38
6473000000 12 20 5
6473000000 94 6 2
6473000000 16 1 1
6473000000 100 4 7
6473000000 9 23 12
6473000000 29 25 13
6473000000 79 17 27
6473000000 328 38 28
6473000000 246 12 29
6473000000 46 19 30
6473000000 244 30  31
6473000000 323 21 32
6473000000 231 31 33
6473000000 331 22 34
6473000000 296 32 35
6473000000 172 29 36
6473000000 292 33 37
6473000000 334 35 38
6499000000 12 20 5
6499000000 94 6 2
6499000000 16 1 1
6499000000 100 4 7
6499000000 9 23 12
6499000000 29 25 13
6499000000 79 17 27
6499000000 328 38 28
6499000000 246 12 29
6499000000 46 19 30
6499000000 244 30  31
6499000000 323 21 32
6499000000 231 31 33
6499000000 331 22 34
6499000000 296 32 35
6499000000 172 29 36
6499000000 292 33 37
6499000000 334 35 38
6615000000 12 20 5
6615000000 94 6 2
6615000000 16 1 1
6615000000 100 4 7
6615000000 9 23 12
6615000000 29 25 13
6615000000 79 17 27
6615000000 328 38 28
6615000000 246 12 29
6615000000 46 19 30
6615000000 244 30  31
6615000000 323 21 32
6615000000 231 31 33
6615000000 331 22 34
6615000000 296 32 35
6615000000 172 29 36
6615000000 292 33 37
6615000000 334 35 38
6713000000 12 20 5
6713000000 94 6 2
6713000000 16 1 1
6713000000 100 4 7
6713000000 9 23 12
6713000000 29 25 13
6713000000 79 17 27
6713000000 328 38 28
6713000000 246 12 29
6713000000 46 19 30
6713000000 244 30  31
6713000000 323 21 32
6713000000 231 31 33
6713000000 331 22 34
6713000000 296 32 35
6713000000 172 29 36
6713000000 292 33 37
6713000000 334 35 38
6731000000 12 20 5
6731000000 94 6 2
6731000000 16 1 1
6731000000 100 4 7
6731000000 9 23 12
6731000000 29 25 13
6731000000 79 17 27
6731000000 328 38 28
6731000000 246 12 29
6731000000 46 19 30
6731000000 244 30  31
6731000000 323 21 32
6731000000 231 31 33
6731000000 331 22 34
6731000000 296 32 35
6731000000 172 29 36
6731000000 292 33 37
6731000000 334 35 38
6750000000 12 20 5
6750000000 94 6 2
6750000000 16 1 1
6750000000 100 4 7
6750000000 9 23 12
6750000000 29 25 13
6750000000 79 17 27
6750000000 328 38 28
6750000000 246 12 29
6750000000 46 19 30
6750000000 244 30  31
6750000000 323 21 32
6750000000 231 31 33
6750000000 331 22 34
6750000000 296 32 35
6750000000 172 29 36
6750000000 292 33 37
6750000000 334 35 38
6767000000 12 20 5
6767000000 94 6 2
6767000000 16 1 1
6767000000 100 4 7
6767000000 9 23 12
6767000000 29 25 13
6767000000 328 38 28
6767000000 246 12 29
6767000000 46 19 30
6767000000 244 30  31
6767000000 323 21 32
6767000000 231 31 33
6767000000 331 22 34
6767000000 296 32 35
6767000000 172 29 36
6767000000 292 33 37
6767000000 334 35 38
6773000000 12 20 5
6773000000 94 6 2
6773000000 16 1 1
6773000000 100 4 7
6773000000 9 23 12
6773000000 29 25 13
6773000000 328 38 28
6773000000 246 12 29
6773000000 46 19 30
6773000000 244 30  31
6773000000 323 21 32
6773000000 231 31 33
6773000000 331 22 34
6773000000 296 32 35
6773000000 172 29 36
6773000000 292 33 37
6773000000 334 35 38
6782000000 12 20 5
6782000000 94 6 2
6782000000 16 1 1
6782000000 9 23 12
6782000000 29 25 13
6782000000 328 38 28
6782000000 246 12 29
6782000000 46 19 30
6782000000 244 30  31
6782000000 323 21 32
6782000000 231 31 33
6782000000 331 22 34
6782000000 296 32 35
6782000000 172 29 36
6782000000 292 33 37
6782000000 334 35 38
6874000000 12 20 5
6874000000 94 6 2
6874000000 16 1 1
6874000000 9 23 12
6874000000 29 25 13
6874000000 246 12 29
6874000000 46 19 30
6874000000 244 30  31
6874000000 323 21 32
6874000000 231 31 33
6874000000 331 22 34
6874000000 296 32 35
6874000000 172 29 36
6874000000 292 33 37
6874000000 334 35 38
6940000000 12 20 5
6940000000 94 6 2
6940000000 16 1 1
6940000000 9 23 12
6940000000 29 25 13
6940000000 246 12 29
6940000000 46 19 30
6940000000 244 30  31
6940000000 323 21 32
6940000000 231 31 33
6940000000 331 22 34
6940000000 296 32 35
6940000000 172 29 36
6940000000 292 33 37
6940000000 334 35 38
6941000000 12 20 5
6941000000 94 6 2
6941000000 16 1 1
6941000000 9 23 12
6941000000 29 25 13
6941000000 246 12 29
6941000000 46 19 30
6941000000 244 30  31
6941000000 323 21 32
6941000000 231 31 33
6941000000 331 22 34
6941000000 296 32 35
6941000000 172 29 36
6941000000 292 33 37
6941000000 334 35 38
6948000000 12 20 5
6948000000 94 6 2
6948000000 16 1 1
6948000000 9 23 12
6948000000 29 25 13
6948000000 246 12 29
6948000000 46 19 30
6948000000 244 30  31
6948000000 323 21 32
6948000000 231 31 33
6948000000 331 22 34
6948000000 296 32 35
6948000000 172 29 36
6948000000 292 33 37
6948000000 334 35 38
6956000000 12 20 5
6956000000 94 6 2
6956000000 16 1 1
6956000000 9 23 12
6956000000 29 25 13
6956000000 246 12 29
6956000000 46 19 30
6956000000 244 30  31
6956000000 323 21 32
6956000000 231 31 33
6956000000 331 22 34
6956000000 296 32 35
6956000000 172 29 36
6956000000 292 33 37
6956000000 334 35 38
7018000000 12 20 5
7018000000 94 6 2
7018000000 16 1 1
7018000000 9 23 12
7018000000 29 25 13
7018000000 246 12 29
7018000000 46 19 30
7018000000 244 30  31
7018000000 323 21 32
7018000000 231 31 33
7018000000 331 22 34
7018000000 296 32 35
7018000000 172 29 36
7018000000 292 33 37
7018000000 334 35 38
7144000000 12 20 5
7144000000 94 6 2
7144000000 16 1 1
7144000000 9 23 12
7144000000 29 25 13
7144000000 46 19 30
7144000000 244 30  31
7144000000 323 21 32
7144000000 231 31 33
7144000000 331 22 34
7144000000 296 32 35
7144000000 172 29 36
7144000000 292 33 37
7144000000 334 35 38
7171000000 12 20 5
7171000000 94 6 2
7171000000 16 1 1
7171000000 9 23 12
7171000000 29 25 13
7171000000 244 30  31
7171000000 323 21 32
7171000000 231 31 33
7171000000 331 22 34
7171000000 296 32 35
7171000000 172 29 36
7171000000 292 33 37
7171000000 334 35 38
7183000000 12 20 5
7183000000 94 6 2
7183000000 16 1 1
7183000000 9 23 12
7183000000 29 25 13
7183000000 244 30  31
7183000000 323 21 32
7183000000 231 31 33
7183000000 331 22 34
7183000000 296 32 35
7183000000 172 29 36
7183000000 292 33 37
7183000000 334 35 38
7201000000 12 20 5
7201000000 94 6 2
7201000000 16 1 1
7201000000 9 23 12
7201000000 29 25 13
7201000000 244 30  31
7201000000 323 21 32
7201000000 231 31 33
7201000000 331 22 34
7201000000 296 32 35
7201000000 172 29 36
7201000000 292 33 37
7201000000 334 35 38
7260000000 12 20 5
7260000000 94 6 2
7260000000 16 1 1
7260000000 9 23 12
7260000000 29 25 13
7260000000 244 30  31
7260000000 323 21 32
7260000000 231 31 33
7260000000 331 22 34
7260000000 296 32 35
7260000000 172 29 36
7260000000 292 33 37
7260000000 334 35 38
7312000000 12 20 5
7312000000 94 6 2
7312000000 16 1 1
7312000000 9 23 12
7312000000 29 25 13
7312000000 244 30  31
7312000000 323 21 32
7312000000 231 31 33
7312000000 331 22 34
7312000000 296 32 35
7312000000 172 29 36
7312000000 292 33 37
7312000000 334 35 38
7315000000 12 20 5
7315000000 94 6 2
7315000000 16 1 1
7315000000 9 23 12
7315000000 29 25 13
7315000000 244 30  31
7315000000 323 21 32
7315000000 231 31 33
7315000000 331 22 34
7315000000 296 32 35
7315000000 172 29 36
7315000000 292 33 37
7315000000 334 35 38
7343000000 94 6 2
7343000000 16 1 1
7343000000 12 20 5
7343000000 9 23 12
7343000000 29 25 13
7343000000 244 30  31
7343000000 323 21 32
7343000000 231 31 33
7343000000 331 22 34
7343000000 296 32 35
7343000000 172 29 36
7343000000 292 33 37
7343000000 334 35 38
7401000000 94 6 2
7401000000 16 1 1
7401000000 12 20 5
7401000000 9 23 12
7401000000 29 25 13
7401000000 244 30  31
7401000000 323 21 32
7401000000 231 31 33
7401000000 331 22 34
7401000000 296 32 35
7401000000 172 29 36
7401000000 292 33 37
7401000000 334 35 38
7437000000 94 6 2
7437000000 16 1 1
7437000000 12 20 5
7437000000 9 23 12
7437000000 29 25 13
7437000000 244 30  31
7437000000 323 21 32
7437000000 231 31 33
7437000000 331 22 34
7437000000 296 32 35
7437000000 172 29 36
7437000000 292 33 37
7437000000 334 35 38
7459000000 94 6 2
7459000000 16 1 1
7459000000 12 20 5
7459000000 9 23 12
7459000000 29 25 13
7459000000 244 30  31
7459000000 323 21 32
7459000000 231 31 33
7459000000 331 22 34
7459000000 296 32 35
7459000000 172 29 36
7459000000 292 33 37
7459000000 334 35 38
7479000000 94 6 2
7479000000 16 1 1
7479000000 12 20 5
7479000000 9 23 12
7479000000 29 25 13
7479000000 244 30  31
7479000000 323 21 32
7479000000 231 31 33
7479000000 331 22 34
7479000000 296 32 35
7479000000 172 29 36
7479000000 292 33 37
7479000000 334 35 38
7497000000 94 6 2
7497000000 16 1 1
7497000000 12 20 5
7497000000 9 23 12
7497000000 29 25 13
7497000000 323 21 32
7497000000 231 31 33
7497000000 331 22 34
7497000000 296 32 35
7497000000 172 29 36
7497000000 292 33 37
7497000000 334 35 38
7557000000 94 6 2
7557000000 16 1 1
7557000000 12 20 5
7557000000 9 23 12
7557000000 29 25 13
7557000000 323 21 32
7557000000 231 31 33
7557000000 331 22 34
7557000000 296 32 35
7557000000 172 29 36
7557000000 292 33 37
7557000000 334 35 38
7610000000 94 6 2
7610000000 16 1 1
7610000000 12 20 5
7610000000 9 23 12
7610000000 29 25 13
7610000000 323 21 32
7610000000 231 31 33
7610000000 331 22 34
7610000000 296 32 35
7610000000 172 29 36
7610000000 292 33 37
7610000000 334 35 38
7620000000 94 6 2
7620000000 16 1 1
7620000000 12 20 5
7620000000 9 23 12
7620000000 29 25 13
7620000000 323 21 32
7620000000 231 31 33
7620000000 331 22 34
7620000000 296 32 35
7620000000 172 29 36
7620000000 292 33 37
7620000000 334 35 38
7708000000 94 6 2
7708000000 16 1 1
7708000000 12 20 5
7708000000 9 23 12
7708000000 29 25 13
7708000000 231 31 33
7708000000 331 22 34
7708000000 296 32 35
7708000000 172 29 36
7708000000 292 33 37
7708000000 334 35 38
7720000000 94 6 2
7720000000 16 1 1
7720000000 12 20 5
7720000000 9 23 12
7720000000 29 25 13
7720000000 231 31 33
7720000000 331 22 34
7720000000 296 32 35
7720000000 172 29 36
7720000000 292 33 37
7720000000 334 35 38
7741000000 94 6 2
7741000000 16 1 1
7741000000 12 20 5
7741000000 9 23 12
7741000000 29 25 13
7741000000 231 31 33
7741000000 331 22 34
7741000000 296 32 35
7741000000 172 29 36
7741000000 292 33 37
7741000000 334 35 38
7747000000 94 6 2
7747000000 16 1 1
7747000000 12 20 5
7747000000 9 23 12
7747000000 29 25 13
7747000000 231 31 33
7747000000 331 22 34
7747000000 296 32 35
7747000000 172 29 36
7747000000 292 33 37
7747000000 334 35 38
7752000000 94 6 2
7752000000 16 1 1
7752000000 12 20 5
7752000000 9 23 12
7752000000 29 25 13
7752000000 231 31 33
7752000000 331 22 34
7752000000 296 32 35
7752000000 172 29 36
7752000000 292 33 37
7752000000 334 35 38
7849000000 94 6 2
7849000000 16 1 1
7849000000 12 20 5
7849000000 9 23 12
7849000000 29 25 13
7849000000 231 31 33
7849000000 331 22 34
7849000000 296 32 35
7849000000 172 29 36
7849000000 292 33 37
7849000000 334 35 38
7869000000 94 6 2
7869000000 16 1 1
7869000000 12 20 5
7869000000 9 23 12
7869000000 29 25 13
7869000000 231 31 33
7869000000 331 22 34
7869000000 296 32 35
7869000000 172 29 36
7869000000 292 33 37
7869000000 334 35 38
7872000000 94 6 2
7872000000 16 1 1
7872000000 12 20 5
7872000000 9 23 12
7872000000 29 25 13
7872000000 231 31 33
7872000000 331 22 34
7872000000 296 32 35
7872000000 172 29 36
7872000000 292 33 37
7872000000 334 35 38
7875000000 94 6 2
7875000000 16 1 1
7875000000 12 20 5
7875000000 9 23 12
7875000000 29 25 13
7875000000 231 31 33
7875000000 331 22 34
7875000000 296 32 35
7875000000 172 29 36
7875000000 292 33 37
7875000000 334 35 38
7912000000 94 6 2
7912000000 16 1 1
7912000000 12 20 5
7912000000 9 23 12
7912000000 29 25 13
7912000000 231 31 33
7912000000 331 22 34
7912000000 296 32 35
7912000000 172 29 36
7912000000 292 33 37
7912000000 334 35 38
7934000000 94 6 2
7934000000 16 1 1
7934000000 12 20 5
7934000000 9 23 12
7934000000 29 25 13
7934000000 231 31 33
7934000000 331 22 34
7934000000 296 32 35
7934000000 172 29 36
7934000000 292 33 37
7934000000 334 35 38
7988000000 94 6 2
7988000000 16 1 1
7988000000 12 20 5
7988000000 9 23 12
7988000000 29 25 13
7988000000 231 31 33
7988000000 331 22 34
7988000000 296 32 35
7988000000 172 29 36
7988000000 292 33 37
7988000000 334 35 38
8069000000 94 6 2
8069000000 16 1 1
8069000000 12 20 5
8069000000 9 23 12
8069000000 29 25 13
8069000000 331 22 34
8069000000 296 32 35
8069000000 172 29 36
8069000000 292 33 37
8069000000 334 35 38
8070000000 94 6 2
8070000000 16 1 1
8070000000 12 20 5
8070000000 9 23 12
8070000000 29 25 13
8070000000 331 22 34
8070000000 296 32 35
8070000000 172 29 36
8070000000 292 33 37
8070000000 334 35 38
8097000000 94 6 2
8097000000 16 1 1
8097000000 12 20 5
8097000000 9 23 12
8097000000 29 25 13
8097000000 331 22 34
8097000000 296 32 35
8097000000 172 29 36
8097000000 292 33 37
8097000000 334 35 38
8165000000 94 6 2
8165000000 16 1 1
8165000000 12 20 5
8165000000 9 23 12
8165000000 29 25 13
8165000000 296 32 35
8165000000 172 29 36
8165000000 292 33 37
8165000000 334 35 38
8190000000 94 6 2
8190000000 16 1 1
8190000000 12 20 5
8190000000 9 23 12
8190000000 29 25 13
8190000000 296 32 35
8190000000 172 29 36
8190000000 292 33 37
8190000000 334 35 38
8235000000 94 6 2
8235000000 16 1 1
8235000000 12 20 5
8235000000 9 23 12
8235000000 29 25 13
8235000000 296 32 35
8235000000 172 29 36
8235000000 292 33 37
8235000000 334 35 38
8304000000 94 6 2
8304000000 16 1 1
8304000000 12 20 5
8304000000 9 23 12
8304000000 29 25 13
8304000000 296 32 35
8304000000 172 29 36
8304000000 292 33 37
8304000000 334 35 38
8318000000 94 6 2
8318000000 16 1 1
8318000000 12 20 5
8318000000 9 23 12
8318000000 29 25 13
8318000000 172 29 36
8318000000 292 33 37
8318000000 334 35 38
8325000000 94 6 2
8325000000 16 1 1
8325000000 12 20 5
8325000000 9 23 12
8325000000 29 25 13
8325000000 172 29 36
8325000000 292 33 37
8325000000 334 35 38
8348000000 94 6 2
8348000000 16 1 1
8348000000 12 20 5
8348000000 9 23 12
8348000000 29 25 13
8348000000 172 29 36
8348000000 292 33 37
8348000000 334 35 38
8425000000 94 6 2
8425000000 16 1 1
8425000000 12 20 5
8425000000 9 23 12
8425000000 29 25 13
8425000000 172 29 36
8425000000 292 33 37
8425000000 334 35 38
8443000000 94 6 2
8443000000 16 1 1
8443000000 12 20 5
8443000000 9 23 12
8443000000 29 25 13
8443000000 172 29 36
8443000000 292 33 37
8443000000 334 35 38
8471000000 94 6 2
8471000000 16 1 1
8471000000 12 20 5
8471000000 9 23 12
8471000000 29 25 13
8471000000 172 29 36
8471000000 292 33 37
8471000000 334 35 38
8477000000 94 6 2
8477000000 16 1 1
8477000000 12 20 5
8477000000 9 23 12
8477000000 29 25 13
8477000000 172 29 36
8477000000 292 33 37
8477000000 334 35 38
8512000000 94 6 2
8512000000 16 1 1
8512000000 12 20 5
8512000000 9 23 12
8512000000 29 25 13
8512000000 172 29 36
8512000000 292 33 37
8512000000 334 35 38
8632000000 94 6 2
8632000000 16 1 1
8632000000 12 20 5
8632000000 9 23 12
8632000000 29 25 13
8632000000 172 29 36
8632000000 292 33 37
8632000000 334 35 38
8649000000 94 6 2
8649000000 16 1 1
8649000000 12 20 5
8649000000 9 23 12
8649000000 29 25 13
8649000000 172 29 36
8649000000 292 33 37
8649000000 334 35 38
8654000000 94 6 2
8654000000 16 1 1
8654000000 12 20 5
8654000000 9 23 12
8654000000 29 25 13
8654000000 292 33 37
8654000000 334 35 38
8678000000 94 6 2
8678000000 16 1 1
8678000000 12 20 5
8678000000 9 23 12
8678000000 29 25 13
8678000000 292 33 37
8678000000 334 35 38
8737000000 94 6 2
8737000000 16 1 1
8737000000 12 20 5
8737000000 9 23 12
8737000000 29 25 13
8737000000 292 33 37
8737000000 334 35 38
8798000000 94 6 2
8798000000 16 1 1
8798000000 12 20 5
8798000000 9 23 12
8798000000 29 25 13
8798000000 334 35 38
8805000000 94 6 2
8805000000 16 1 1
8805000000 12 20 5
8805000000 9 23 12
8805000000 29 25 13
8805000000 334 35 38
8828000000 94 6 2
8828000000 16 1 1
8828000000 12 20 5
8828000000 9 23 12
8828000000 29 25 13
8828000000 334 35 38
8834000000 94 6 2
8834000000 16 1 1
8834000000 12 20 5
8834000000 9 23 12
8834000000 29 25 13
8834000000 334 35 38
8846000000 94 6 2
8846000000 16 1 1
8846000000 12 20 5
8846000000 9 23 12
8846000000 29 25 13
8846000000 334 35 38
8875000000 94 6 2
8875000000 16 1 1
8875000000 12 20 5
8875000000 9 23 12
8875000000 29 25 13
8875000000 334 35 38
8875000000 94 6 2
8875000000 16 1 1
8875000000 12 20 5
8875000000 9 23 12
8875000000 29 25 13
8875000000 334 35 38
8898000000 94 6 2
8898000000 16 1 1
8898000000 12 20 5
8898000000 9 23 12
8898000000 29 25 13
8898000000 334 35 38
8902000000 94 6 2
8902000000 16 1 1
8902000000 12 20 5
8902000000 9 23 12
8902000000 29 25 13
8902000000 334 35 38
8943000000 94 6 2
8943000000 16 1 1
8943000000 12 20 5
8943000000 9 23 12
8943000000 29 25 13
8943000000 334 35 38
9006000000 94 6 2
9006000000 16 1 1
9006000000 12 20 5
9006000000 9 23 12
9006000000 29 25 13
9006000000 334 35 38
9047000000 94 6 2
9047000000 16 1 1
9047000000 12 20 5
9047000000 9 23 12
9047000000 29 25 13
9047000000 334 35 38
9068000000 94 6 2
9068000000 16 1 1
9068000000 12 20 5
9068000000 9 23 12
9068000000 29 25 13
9068000000 334 35 38
9088000000 94 6 2
9088000000 16 1 1
9088000000 12 20 5
9088000000 9 23 12
9088000000 29 25 13
9088000000 334 35 38
9126000000 94 6 2
9126000000 16 1 1
9126000000 12 20 5
9126000000 9 23 12
9126000000 29 25 13
9126000000 334 35 38
9133000000 94 6 2
9133000000 16 1 1
9133000000 12 20 5
9133000000 9 23 12
9133000000 29 25 13
9133000000 334 35 38
9203000000 94 6 2
9203000000 16 1 1
9203000000 12 20 5
9203000000 9 23 12
9203000000 29 25 13
9203000000 334 35 38
9253000000 94 6 2
9253000000 16 1 1
9253000000 12 20 5
9253000000 9 23 12
9253000000 29 25 13
9253000000 334 35 38
9284000000 94 6 2
9284000000 16 1 1
9284000000 12 20 5
9284000000 9 23 12
9284000000 29 25 13
9284000000 334 35 38
9306000000 94 6 2
9306000000 16 1 1
9306000000 12 20 5
9306000000 9 23 12
9306000000 29 25 13
9331000000 94 6 2
9331000000 16 1 1
9331000000 12 20 5
9331000000 9 23 12
9331000000 29 25 13
9399000000 94 6 2
9399000000 16 1 1
9399000000 12 20 5
9399000000 9 23 12
9399000000 29 25 13
9403000000 94 6 2
9403000000 16 1 1
9403000000 12 20 5
9403000000 9 23 12
9403000000 29 25 13
9419000000 94 6 2
9419000000 16 1 1
9419000000 12 20 5
9419000000 9 23 12
9419000000 29 25 13
9453000000 94 6 2
9453000000 16 1 1
9453000000 12 20 5
9453000000 9 23 12
9453000000 29 25 13
9498000000 94 6 2
9498000000 16 1 1
9498000000 12 20 5
9498000000 9 23 12
9498000000 29 25 13
9514000000 94 6 2
9514000000 16 1 1
9514000000 12 20 5
9514000000 9 23 12
9514000000 29 25 13
9537000000 94 6 2
9537000000 16 1 1
9537000000 12 20 5
9537000000 9 23 12
9537000000 29 25 13
9541000000 94 6 2
9541000000 16 1 1
9541000000 12 20 5
9541000000 9 23 12
9541000000 29 25 13
9559000000 94 6 2
9559000000 16 1 1
9559000000 12 20 5
9559000000 9 23 12
9559000000 29 25 13
9605000000 16 1 1
9605000000 12 20 5
9605000000 94 6 2
9605000000 9 23 12
9605000000 29 25 13
9644000000 16 1 1
9644000000 12 20 5
9644000000 94 6 2
9644000000 9 23 12
9644000000 29 25 13
9719000000 16 1 1
9719000000 12 20 5
9719000000 94 6 2
9719000000 9 23 12
9719000000 29 25 13
9734000000 16 1 1
9734000000 12 20 5
9734000000 94 6 2
9734000000 9 23 12
9734000000 29 25 13
9806000000 16 1 1
9806000000 12 20 5
9806000000 94 6 2
9806000000 9 23 12
9806000000 29 25 13
9833000000 16 1 1
9833000000 12 20 5
9833000000 94 6 2
9833000000 9 23 12
9833000000 29 25 13
9864000000 16 1 1
9864000000 12 20 5
9864000000 94 6 2
9864000000 9 23 12
9864000000 29 25 13
9895000000 16 1 1
9895000000 12 20 5
9895000000 94 6 2
9895000000 9 23 12
9895000000 29 25 13
9962000000 16 1 1
9962000000 12 20 5
9962000000 94 6 2
9962000000 9 23 12
9962000000 29 25 13
9966000000 16 1 1
9966000000 12 20 5
9966000000 94 6 2
9966000000 9 23 12
9966000000 29 25 13
10001000000 16 1 1
10001000000 12 20 5
10001000000 94 6 2
10001000000 9 23 12
10001000000 29 25 13
10036000000 16 1 1
10036000000 12 20 5
10036000000 94 6 2
10036000000 9 23 12
10036000000 29 25 13
10040000000 16 1 1
10040000000 12 20 5
10040000000 9 23 12
10040000000 29 25 13
10040000000 94 6 2
10067000000 16 1 1
10067000000 12 20 5
10067000000 9 23 12
10067000000 29 25 13
10067000000 94 6 2
10116000000 16 1 1
10116000000 12 20 5
10116000000 9 23 12
10116000000 29 25 13
10116000000 94 6 2
10116000000 16 1 1
10116000000 12 20 5
10116000000 9 23 12
10116000000 29 25 13
10116000000 94 6 2
10126000000 16 1 1
10126000000 12 20 5
10126000000 9 23 12
10126000000 29 25 13
10126000000 94 6 2
10161000000 16 1 1
10161000000 12 20 5
10161000000 9 23 12
10161000000 29 25 13
10161000000 94 6 2
10299000000 16 1 1
10299000000 12 20 5
10299000000 9 23 12
10299000000 29 25 13
10299000000 94 6 2
10318000000 16 1 1
10318000000 12 20 5
10318000000 9 23 12
10318000000 29 25 13
10318000000 94 6 2
10372000000 16 1 1
10372000000 12 20 5
10372000000 9 23 12
10372000000 29 25 13
10372000000 94 6 2
10391000000 16 1 1
10391000000 12 20 5
10391000000 9 23 12
10391000000 29 25 13
10391000000 94 6 2
10450000000 16 1 1
10450000000 12 20 5
10450000000 9 23 12
10450000000 29 25 13
10450000000 94 6 2
10477000000 16 1 1
10477000000 12 20 5
10477000000 9 23 12
10477000000 29 25 13
10477000000 94 6 2
10480000000 16 1 1
10480000000 12 20 5
10480000000 9 23 12
10480000000 29 25 13
10480000000 94 6 2
10560000000 16 1 1
10560000000 12 20 5
10560000000 9 23 12
10560000000 29 25 13
10560000000 94 6 2
10582000000 16 1 1
10582000000 12 20 5
10582000000 9 23 12
10582000000 29 25 13
10582000000 94 6 2
10622000000 16 1 1
10622000000 12 20 5
10622000000 9 23 12
10622000000 29 25 13
10622000000 94 6 2
10632000000 16 1 1
10632000000 12 20 5
10632000000 9 23 12
10632000000 29 25 13
10632000000 94 6 2
10639000000 16 1 1
10639000000 12 20 5
10639000000 9 23 12
10639000000 29 25 13
10639000000 94 6 2
10642000000 16 1 1
10642000000 12 20 5
10642000000 9 23 12
10642000000 29 25 13
10642000000 94 6 2
10713000000 16 1 1
10713000000 12 20 5
10713000000 9 23 12
10713000000 29 25 13
10713000000 94 6 2
10800000000 16 1 1
10800000000 12 20 5
10800000000 9 23 12
10800000000 29 25 13
10800000000 94 6 2
10828000000 16 1 1
10828000000 12 20 5
10828000000 9 23 12
10828000000 29 25 13
10828000000 94 6 2
10960000000 16 1 1
10960000000 12 20 5
10960000000 9 23 12
10960000000 29 25 13
10960000000 94 6 2
10989000000 16 1 1
10989000000 12 20 5
10989000000 9 23 12
10989000000 29 25 13
10989000000 94 6 2
11046000000 16 1 1
11046000000 12 20 5
11046000000 9 23 12
11046000000 29 25 13
11046000000 94 6 2
11047000000 16 1 1
11047000000 12 20 5
11047000000 9 23 12
11047000000 29 25 13
11047000000 94 6 2
11091000000 16 1 1
11091000000 12 20 5
11091000000 9 23 12
11091000000 29 25 13
11091000000 94 6 2
11111000000 16 1 1
11111000000 12 20 5
11111000000 9 23 12
11111000000 29 25 13
11111000000 94 6 2
11162000000 16 1 1
11162000000 12 20 5
11162000000 9 23 12
11162000000 29 25 13
11162000000 94 6 2
11165000000 16 1 1
11165000000 12 20 5
11165000000 9 23 12
11165000000 29 25 13
11165000000 94 6 2
11198000000 16 1 1
11198000000 12 20 5
11198000000 9 23 12
11198000000 29 25 13
11198000000 94 6 2
11211000000 16 1 1
11211000000 12 20 5
11211000000 9 23 12
11211000000 29 25 13
11211000000 94 6 2
11231000000 16 1 1
11231000000 12 20 5
11231000000 9 23 12
11231000000 29 25 13
11231000000 94 6 2
11294000000 16 1 1
11294000000 12 20 5
11294000000 9 23 12
11294000000 29 25 13
11294000000 94 6 2
11338000000 16 1 1
11338000000 12 20 5
11338000000 9 23 12
11338000000 29 25 13
11338000000 94 6 2
11449000000 16 1 1
11449000000 12 20 5
11449000000 9 23 12
11449000000 29 25 13
11449000000 94 6 2
11465000000 16 1 1
11465000000 12 20 5
11465000000 9 23 12
11465000000 29 25 13
11465000000 94 6 2
11533000000 16 1 1
11533000000 12 20 5
11533000000 9 23 12
11533000000 29 25 13
11533000000 94 6 2
11543000000 16 1 1
11543000000 12 20 5
11543000000 9 23 12
11543000000 29 25 13
11543000000 94 6 2
11552000000 16 1 1
11552000000 12 20 5
11552000000 9 23 12
11552000000 29 25 13
11552000000 94 6 2
11595000000 16 1 1
11595000000 12 20 5
11595000000 9 23 12
11595000000 29 25 13
11595000000 94 6 2
11624000000 16 1 1
11624000000 12 20 5
11624000000 9 23 12
11624000000 29 25 13
11624000000 94 6 2
11638000000 16 1 1
11638000000 12 20 5
11638000000 9 23 12
11638000000 29 25 13
11638000000 94 6 2
11745000000 16 1 1
11745000000 12 20 5
11745000000 9 23 12
11745000000 29 25 13
11745000000 94 6 2
11766000000 16 1 1
11766000000 12 20 5
11766000000 9 23 12
11766000000 29 25 13
11766000000 94 6 2
11777000000 16 1 1
11777000000 12 20 5
11777000000 9 23 12
11777000000 29 25 13
11777000000 94 6 2
11873000000 16 1 1
11873000000 12 20 5
11873000000 9 23 12
11873000000 29 25 13
11873000000 94 6 2
11880000000 16 1 1
11880000000 12 20 5
11880000000 9 23 12
11880000000 29 25 13
11880000000 94 6 2
12006000000 16 1 1
12006000000 12 20 5
12006000000 9 23 12
12006000000 29 25 13
12006000000 94 6 2
12017000000 16 1 1
12017000000 12 20 5
12017000000 9 23 12
12017000000 29 25 13
12017000000 94 6 2
12036000000 16 1 1
12036000000 12 20 5
12036000000 9 23 12
12036000000 29 25 13
12036000000 94 6 2
12058000000 16 1 1
12058000000 12 20 5
12058000000 9 23 12
12058000000 29 25 13
12058000000 94 6 2
12065000000 16 1 1
12065000000 12 20 5
12065000000 9 23 12
12065000000 29 25 13
12065000000 94 6 2
12142000000 16 1 1
12142000000 12 20 5
12142000000 9 23 12
12142000000 29 25 13
12142000000 94 6 2
12152000000 16 1 1
12152000000 12 20 5
12152000000 9 23 12
12152000000 29 25 13
12152000000 94 6 2
12162000000 16 1 1
12162000000 12 20 5
12162000000 9 23 12
12162000000 29 25 13
12162000000 94 6 2
12227000000 16 1 1
12227000000 12 20 5
12227000000 9 23 12
12227000000 29 25 13
12227000000 94 6 2
12261000000 16 1 1
12261000000 12 20 5
12261000000 9 23 12
12261000000 29 25 13
12261000000 94 6 2
12312000000 16 1 1
12312000000 12 20 5
12312000000 9 23 12
12312000000 29 25 13
12312000000 94 6 2
12318000000 16 1 1
12318000000 12 20 5
12318000000 9 23 12
12318000000 29 25 13
12318000000 94 6 2
12521000000 16 1 1
12521000000 12 20 5
12521000000 9 23 12
12521000000 29 25 13
12521000000 94 6 2
12531000000 16 1 1
12531000000 12 20 5
12531000000 9 23 12
12531000000 29 25 13
12531000000 94 6 2
12583000000 16 1 1
12583000000 12 20 5
12583000000 9 23 12
12583000000 29 25 13
12583000000 94 6 2
12634000000 16 1 1
12634000000 12 20 5
12634000000 9 23 12
12634000000 29 25 13
12634000000 94 6 2
12659000000 16 1 1
12659000000 12 20 5
12659000000 9 23 12
12659000000 29 25 13
12659000000 94 6 2
12679000000 16 1 1
12679000000 12 20 5
12679000000 9 23 12
12679000000 29 25 13
12679000000 94 6 2
12687000000 16 1 1
12687000000 12 20 5
12687000000 9 23 12
12687000000 29 25 13
12687000000 94 6 2
12698000000 16 1 1
12698000000 12 20 5
12698000000 9 23 12
12698000000 29 25 13
12698000000 94 6 2
12821000000 16 1 1
12821000000 12 20 5
12821000000 9 23 12
12821000000 29 25 13
12821000000 94 6 2
12863000000 16 1 1
12863000000 12 20 5
12863000000 9 23 12
12863000000 29 25 13
12863000000 94 6 2
12877000000 16 1 1
12877000000 12 20 5
12877000000 9 23 12
12877000000 29 25 13
12877000000 94 6 2
12935000000 16 1 1
12935000000 12 20 5
12935000000 9 23 12
12935000000 29 25 13
12935000000 94 6 2
12961000000 16 1 1
12961000000 12 20 5
12961000000 9 23 12
12961000000 29 25 13
12961000000 94 6 2
13011000000 16 1 1
13011000000 12 20 5
13011000000 9 23 12
13011000000 29 25 13
13011000000 94 6 2
13066000000 16 1 1
13066000000 12 20 5
13066000000 9 23 12
13066000000 29 25 13
13066000000 94 6 2
13138000000 16 1 1
13138000000 12 20 5
13138000000 9 23 12
13138000000 29 25 13
13138000000 94 6 2
13164000000 16 1 1
13164000000 12 20 5
13164000000 9 23 12
13164000000 29 25 13
13164000000 94 6 2
13193000000 16 1 1
13193000000 12 20 5
13193000000 9 23 12
13193000000 29 25 13
13193000000 94 6 2
13267000000 16 1 1
13267000000 12 20 5
13267000000 9 23 12
13267000000 29 25 13
13267000000 94 6 2
13296000000 16 1 1
13296000000 12 20 5
13296000000 9 23 12
13296000000 29 25 13
13296000000 94 6 2
13409000000 16 1 1
13409000000 12 20 5
13409000000 9 23 12
13409000000 29 25 13
13409000000 94 6 2
13412000000 16 1 1
13412000000 12 20 5
13412000000 9 23 12
13412000000 29 25 13
13412000000 94 6 2
13481000000 16 1 1
13481000000 12 20 5
13481000000 9 23 12
13481000000 29 25 13
13481000000 94 6 2
13574000000 16 1 1
13574000000 12 20 5
13574000000 9 23 12
13574000000 29 25 13
13574000000 94 6 2
13696000000 16 1 1
13696000000 12 20 5
13696000000 9 23 12
13696000000 29 25 13
13696000000 94 6 2
13735000000 16 1 1
13735000000 12 20 5
13735000000 9 23 12
13735000000 29 25 13
13735000000 94 6 2
13764000000 16 1 1
13764000000 12 20 5
13764000000 9 23 12
13764000000 29 25 13
13764000000 94 6 2
13829000000 16 1 1
13829000000 12 20 5
13829000000 9 23 12
13829000000 29 25 13
13829000000 94 6 2
13919000000 16 1 1
13919000000 12 20 5
13919000000 9 23 12
13919000000 29 25 13
13919000000 94 6 2
13947000000 16 1 1
13947000000 12 20 5
13947000000 9 23 12
13947000000 29 25 13
13947000000 94 6 2
13984000000 16 1 1
13984000000 12 20 5
13984000000 9 23 12
13984000000 29 25 13
13984000000 94 6 2
14043000000 16 1 1
14043000000 12 20 5
14043000000 9 23 12
14043000000 29 25 13
14043000000 94 6 2
14135000000 16 1 1
14135000000 12 20 5
14135000000 9 23 12
14135000000 29 25 13
14135000000 94 6 2
14274000000 16 1 1
14274000000 12 20 5
14274000000 9 23 12
14274000000 29 25 13
14274000000 94 6 2
14340000000 16 1 1
14340000000 12 20 5
14340000000 9 23 12
14340000000 29 25 13
14340000000 94 6 2
14371000000 16 1 1
14371000000 12 20 5
14371000000 9 23 12
14371000000 29 25 13
14371000000 94 6 2
14402000000 16 1 1
14402000000 12 20 5
14402000000 9 23 12
14402000000 29 25 13
14402000000 94 6 2
14438000000 16 1 1
14438000000 12 20 5
14438000000 9 23 12
14438000000 29 25 13
14438000000 94 6 2
14552000000 16 1 1
14552000000 12 20 5
14552000000 9 23 12
14552000000 29 25 13
14552000000 94 6 2
14562000000 16 1 1
14562000000 12 20 5
14562000000 9 23 12
14562000000 29 25 13
14562000000 94 6 2
14811000000 16 1 1
14811000000 12 20 5
14811000000 9 23 12
14811000000 29 25 13
14811000000 94 6 2
14876000000 16 1 1
14876000000 12 20 5
14876000000 9 23 12
14876000000 29 25 13
14876000000 94 6 2
14909000000 16 1 1
14909000000 12 20 5
14909000000 9 23 12
14909000000 29 25 13
14909000000 94 6 2
14928000000 16 1 1
14928000000 12 20 5
14928000000 9 23 12
14928000000 29 25 13
14928000000 94 6 2
14934000000 16 1 1
14934000000 12 20 5
14934000000 9 23 12
14934000000 29 25 13
14934000000 94 6 2
14998000000 16 1 1
14998000000 12 20 5
14998000000 9 23 12
14998000000 29 25 13
14998000000 94 6 2
15189000000 16 1 1
15189000000 12 20 5
15189000000 9 23 12
15189000000 29 25 13
15189000000 94 6 2
15284000000 16 1 1
15284000000 12 20 5
15284000000 9 23 12
15284000000 29 25 13
15301000000 16 1 1
15301000000 12 20 5
15301000000 9 23 12
15301000000 29 25 13
15302000000 16 1 1
15302000000 12 20 5
15302000000 9 23 12
15302000000 29 25 13
15326000000 16 1 1
15326000000 12 20 5
15326000000 9 23 12
15326000000 29 25 13
15389000000 16 1 1
15389000000 12 20 5
15389000000 9 23 12
15389000000 29 25 13
15416000000 16 1 1
15416000000 12 20 5
15416000000 9 23 12
15416000000 29 25 13
15684000000 16 1 1
15684000000 12 20 5
15684000000 9 23 12
15684000000 29 25 13
15725000000 16 1 1
15725000000 12 20 5
15725000000 9 23 12
15725000000 29 25 13
15754000000 16 1 1
15754000000 12 20 5
15754000000 9 23 12
15754000000 29 25 13
15779000000 16 1 1
15779000000 12 20 5
15779000000 9 23 12
15779000000 29 25 13
15817000000 16 1 1
15817000000 12 20 5
15817000000 9 23 12
15817000000 29 25 13
15874000000 16 1 1
15874000000 12 20 5
15874000000 9 23 12
15874000000 29 25 13
15896000000 16 1 1
15896000000 12 20 5
15896000000 9 23 12
15896000000 29 25 13
16217000000 16 1 1
16217000000 12 20 5
16217000000 9 23 12
16217000000 29 25 13
16235000000 16 1 1
16235000000 12 20 5
16235000000 9 23 12
16235000000 29 25 13
16277000000 16 1 1
16277000000 12 20 5
16277000000 9 23 12
16277000000 29 25 13
16344000000 16 1 1
16344000000 12 20 5
16344000000 9 23 12
16344000000 29 25 13
16389000000 16 1 1
16389000000 12 20 5
16389000000 9 23 12
16389000000 29 25 13
16713000000 16 1 1
16713000000 12 20 5
16713000000 9 23 12
16713000000 29 25 13
16808000000 16 1 1
16808000000 12 20 5
16808000000 9 23 12
16808000000 29 25 13
16821000000 16 1 1
16821000000 12 20 5
16821000000 9 23 12
16821000000 29 25 13
16891000000 16 1 1
16891000000 12 20 5
16891000000 9 23 12
16891000000 29 25 13
16904000000 16 1 1
16904000000 12 20 5
16904000000 9 23 12
16904000000 29 25 13
16906000000 16 1 1
16906000000 12 20 5
16906000000 9 23 12
16906000000 29 25 13
17253000000 16 1 1
17253000000 12 20 5
17253000000 9 23 12
17253000000 29 25 13
17271000000 16 1 1
17271000000 12 20 5
17271000000 9 23 12
17271000000 29 25 13
17330000000 16 1 1
17330000000 12 20 5
17330000000 9 23 12
17330000000 29 25 13
17333000000 16 1 1
17333000000 12 20 5
17333000000 9 23 12
17333000000 29 25 13
17430000000 16 1 1
17430000000 12 20 5
17430000000 9 23 12
17430000000 29 25 13
17464000000 16 1 1
17464000000 12 20 5
17464000000 9 23 12
17464000000 29 25 13
17568000000 16 1 1
17568000000 12 20 5
17568000000 9 23 12
17568000000 29 25 13
17624000000 16 1 1
17624000000 12 20 5
17624000000 9 23 12
17624000000 29 25 13
17787000000 16 1 1
17787000000 12 20 5
17787000000 9 23 12
17787000000 29 25 13
17797000000 16 1 1
17797000000 12 20 5
17797000000 9 23 12
17797000000 29 25 13
17800000000 16 1 1
17800000000 12 20 5
17800000000 9 23 12
17800000000 29 25 13
17935000000 16 1 1
17935000000 12 20 5
17935000000 9 23 12
17935000000 29 25 13
17972000000 16 1 1
17972000000 12 20 5
17972000000 9 23 12
17972000000 29 25 13
18058000000 16 1 1
18058000000 12 20 5
18058000000 9 23 12
18058000000 29 25 13
18102000000 16 1 1
18102000000 12 20 5
18102000000 9 23 12
18102000000 29 25 13
18281000000 16 1 1
18281000000 12 20 5
18281000000 9 23 12
18281000000 29 25 13
18289000000 16 1 1
18289000000 12 20 5
18289000000 9 23 12
18289000000 29 25 13
18378000000 16 1 1
18378000000 12 20 5
18378000000 9 23 12
18378000000 29 25 13
18399000000 16 1 1
18399000000 12 20 5
18399000000 9 23 12
18399000000 29 25 13
18592000000 16 1 1
18592000000 12 20 5
18592000000 9 23 12
18592000000 29 25 13
18623000000 16 1 1
18623000000 12 20 5
18623000000 9 23 12
18623000000 29 25 13
18766000000 16 1 1
18766000000 12 20 5
18766000000 9 23 12
18766000000 29 25 13
18881000000 16 1 1
18881000000 12 20 5
18881000000 9 23 12
18881000000 29 25 13
18972000000 16 1 1
18972000000 12 20 5
18972000000 9 23 12
18972000000 29 25 13
19022000000 16 1 1
19022000000 12 20 5
19022000000 9 23 12
19022000000 29 25 13
19064000000 16 1 1
19064000000 12 20 5
19064000000 9 23 12
19064000000 29 25 13
19239000000 16 1 1
19239000000 12 20 5
19239000000 9 23 12
19239000000 29 25 13
19278000000 16 1 1
19278000000 12 20 5
19278000000 9 23 12
19278000000 29 25 13
19413000000 16 1 1
19413000000 12 20 5
19413000000 9 23 12
19413000000 29 25 13
19512000000 16 1 1
19512000000 12 20 5
19512000000 9 23 12
19512000000 29 25 13
19537000000 16 1 1
19537000000 12 20 5
19537000000 9 23 12
19537000000 29 25 13
19618000000 16 1 1
19618000000 12 20 5
19618000000 9 23 12
19618000000 29 25 13
19707000000 16 1 1
19707000000 12 20 5
19707000000 9 23 12
19707000000 29 25 13
19771000000 16 1 1
19771000000 12 20 5
19771000000 9 23 12
19771000000 29 25 13
19925000000 16 1 1
19925000000 12 20 5
19925000000 9 23 12
19925000000 29 25 13
20029000000 16 1 1
20029000000 12 20 5
20029000000 9 23 12
20029000000 29 25 13
20053000000 16 1 1
20053000000 12 20 5
20053000000 9 23 12
20053000000 29 25 13
20108000000 16 1 1
20108000000 12 20 5
20108000000 9 23 12
20108000000 29 25 13
20213000000 16 1 1
20213000000 12 20 5
20213000000 9 23 12
20213000000 29 25 13
20284000000 16 1 1
20284000000 12 20 5
20284000000 9 23 12
20284000000 29 25 13
20367000000 16 1 1
20367000000 12 20 5
20367000000 9 23 12
20367000000 29 25 13
20494000000 16 1 1
20494000000 12 20 5
20494000000 9 23 12
20494000000 29 25 13
20575000000 16 1 1
20575000000 12 20 5
20575000000 9 23 12
20575000000 29 25 13
20765000000 16 1 1
20765000000 12 20 5
20765000000 9 23 12
20765000000 29 25 13
20772000000 16 1 1
20772000000 12 20 5
20772000000 9 23 12
20772000000 29 25 13
20777000000 16 1 1
20777000000 12 20 5
20777000000 9 23 12
20777000000 29 25 13
20790000000 16 1 1
20790000000 12 20 5
20790000000 9 23 12
20790000000 29 25 13
20839000000 16 1 1
20839000000 12 20 5
20839000000 9 23 12
20839000000 29 25 13
20941000000 16 1 1
20941000000 12 20 5
20941000000 9 23 12
20941000000 29 25 13
21109000000 16 1 1
21109000000 12 20 5
21109000000 9 23 12
21109000000 29 25 13
21215000000 16 1 1
21215000000 12 20 5
21215000000 9 23 12
21215000000 29 25 13
21237000000 16 1 1
21237000000 12 20 5
21237000000 9 23 12
21237000000 29 25 13
21286000000 16 1 1
21286000000 12 20 5
21286000000 9 23 12
21286000000 29 25 13
21291000000 16 1 1
21291000000 12 20 5
21291000000 9 23 12
21291000000 29 25 13
21318000000 16 1 1
21318000000 12 20 5
21318000000 9 23 12
21318000000 29 25 13
21367000000 16 1 1
21367000000 12 20 5
21367000000 9 23 12
21367000000 29 25 13
21460000000 16 1 1
21460000000 12 20 5
21460000000 9 23 12
21460000000 29 25 13
21527000000 16 1 1
21527000000 12 20 5
21527000000 9 23 12
21527000000 29 25 13
21651000000 16 1 1
21651000000 12 20 5
21651000000 9 23 12
21651000000 29 25 13
21682000000 16 1 1
21682000000 12 20 5
21682000000 9 23 12
21682000000 29 25 13
21724000000 16 1 1
21724000000 12 20 5
21724000000 9 23 12
21724000000 29 25 13
21780000000 16 1 1
21780000000 12 20 5
21780000000 9 23 12
21780000000 29 25 13
21885000000 16 1 1
21885000000 12 20 5
21885000000 9 23 12
21885000000 29 25 13
21998000000 16 1 1
21998000000 12 20 5
21998000000 9 23 12
21998000000 29 25 13
22013000000 16 1 1
22013000000 12 20 5
22013000000 9 23 12
22013000000 29 25 13
22051000000 16 1 1
22051000000 12 20 5
22051000000 9 23 12
22051000000 29 25 13
22057000000 16 1 1
22057000000 12 20 5
22057000000 9 23 12
22057000000 29 25 13
22063000000 16 1 1
22063000000 12 20 5
22063000000 9 23 12
22063000000 29 25 13
22130000000 16 1 1
22130000000 12 20 5
22130000000 9 23 12
22130000000 29 25 13
22131000000 16 1 1
22131000000 12 20 5
22131000000 9 23 12
22131000000 29 25 13
22140000000 16 1 1
22140000000 12 20 5
22140000000 9 23 12
22140000000 29 25 13
22186000000 16 1 1
22186000000 12 20 5
22186000000 9 23 12
22186000000 29 25 13
22232000000 16 1 1
22232000000 12 20 5
22232000000 9 23 12
22232000000 29 25 13
22362000000 16 1 1
22362000000 12 20 5
22362000000 9 23 12
22362000000 29 25 13
22453000000 16 1 1
22453000000 12 20 5
22453000000 9 23 12
22453000000 29 25 13
22467000000 16 1 1
22467000000 12 20 5
22467000000 9 23 12
22467000000 29 25 13
22526000000 16 1 1
22526000000 12 20 5
22526000000 9 23 12
22526000000 29 25 13
22580000000 16 1 1
22580000000 12 20 5
22580000000 9 23 12
22580000000 29 25 13
22611000000 16 1 1
22611000000 12 20 5
22611000000 9 23 12
22611000000 29 25 13
22623000000 16 1 1
22623000000 12 20 5
22623000000 9 23 12
22623000000 29 25 13
22653000000 16 1 1
22653000000 12 20 5
22653000000 9 23 12
22653000000 29 25 13
22661000000 16 1 1
22661000000 12 20 5
22661000000 9 23 12
22661000000 29 25 13
22756000000 16 1 1
22756000000 12 20 5
22756000000 9 23 12
22756000000 29 25 13
22900000000 16 1 1
22900000000 12 20 5
22900000000 9 23 12
22900000000 29 25 13
22906000000 16 1 1
22906000000 12 20 5
22906000000 9 23 12
22906000000 29 25 13
22959000000 16 1 1
22959000000 12 20 5
22959000000 9 23 12
22959000000 29 25 13
22973000000 16 1 1
22973000000 12 20 5
22973000000 9 23 12
22973000000 29 25 13
23006000000 16 1 1
23006000000 12 20 5
23006000000 9 23 12
23006000000 29 25 13
23032000000 16 1 1
23032000000 12 20 5
23032000000 9 23 12
23032000000 29 25 13
23058000000 16 1 1
23058000000 12 20 5
23058000000 9 23 12
23058000000 29 25 13
23086000000 16 1 1
23086000000 12 20 5
23086000000 9 23 12
23086000000 29 25 13
23150000000 16 1 1
23150000000 12 20 5
23150000000 9 23 12
23150000000 29 25 13
23151000000 16 1 1
23151000000 12 20 5
23151000000 9 23 12
23151000000 29 25 13
23160000000 16 1 1
23160000000 12 20 5
23160000000 9 23 12
23160000000 29 25 13
23306000000 16 1 1
23306000000 12 20 5
23306000000 9 23 12
23306000000 29 25 13
23399000000 16 1 1
23399000000 12 20 5
23399000000 9 23 12
23399000000 29 25 13
23405000000 16 1 1
23405000000 12 20 5
23405000000 9 23 12
23405000000 29 25 13
23446000000 16 1 1
23446000000 12 20 5
23446000000 9 23 12
23446000000 29 25 13
23450000000 16 1 1
23450000000 12 20 5
23450000000 9 23 12
23450000000 29 25 13
23506000000 16 1 1
23506000000 12 20 5
23506000000 9 23 12
23506000000 29 25 13
23544000000 16 1 1
23544000000 12 20 5
23544000000 9 23 12
23544000000 29 25 13
23557000000 16 1 1
23557000000 12 20 5
23557000000 9 23 12
23557000000 29 25 13
23574000000 16 1 1
23574000000 12 20 5
23574000000 9 23 12
23574000000 29 25 13
23576000000 16 1 1
23576000000 12 20 5
23576000000 9 23 12
23576000000 29 25 13
23623000000 16 1 1
23623000000 12 20 5
23623000000 9 23 12
23623000000 29 25 13
23638000000 16 1 1
23638000000 12 20 5
23638000000 9 23 12
23638000000 29 25 13
23704000000 16 1 1
23704000000 12 20 5
23704000000 9 23 12
23704000000 29 25 13
23762000000 16 1 1
23762000000 12 20 5
23762000000 9 23 12
23762000000 29 25 13
23765000000 16 1 1
23765000000 12 20 5
23765000000 9 23 12
23765000000 29 25 13
23793000000 16 1 1
23793000000 12 20 5
23793000000 9 23 12
23793000000 29 25 13
23793000000 16 1 1
23793000000 12 20 5
23793000000 9 23 12
23793000000 29 25 13
23851000000 16 1 1
23851000000 12 20 5
23851000000 9 23 12
23851000000 29 25 13
23854000000 16 1 1
23854000000 12 20 5
23854000000 9 23 12
23854000000 29 25 13
23858000000 16 1 1
23858000000 12 20 5
23858000000 9 23 12
23858000000 29 25 13
23864000000 16 1 1
23864000000 12 20 5
23864000000 9 23 12
23864000000 29 25 13
23878000000 16 1 1
23878000000 12 20 5
23878000000 9 23 12
23878000000 29 25 13
23890000000 16 1 1
23890000000 12 20 5
23890000000 9 23 12
23890000000 29 25 13
23911000000 16 1 1
23911000000 12 20 5
23911000000 9 23 12
23911000000 29 25 13
23936000000 16 1 1
23936000000 12 20 5
23936000000 9 23 12
23936000000 29 25 13
23965000000 16 1 1
23965000000 12 20 5
23965000000 9 23 12
23965000000 29 25 13
23969000000 16 1 1
23969000000 12 20 5
23969000000 9 23 12
23969000000 29 25 13
24054000000 16 1 1
24054000000 12 20 5
24054000000 9 23 12
24054000000 29 25 13
24067000000 16 1 1
24067000000 12 20 5
24067000000 9 23 12
24067000000 29 25 13
24070000000 16 1 1
24070000000 12 20 5
24070000000 9 23 12
24070000000 29 25 13
24131000000 16 1 1
24131000000 12 20 5
24131000000 9 23 12
24131000000 29 25 13
24202000000 16 1 1
24202000000 12 20 5
24202000000 9 23 12
24202000000 29 25 13
24246000000 16 1 1
24246000000 12 20 5
24246000000 9 23 12
24246000000 29 25 13
24251000000 16 1 1
24251000000 12 20 5
24251000000 9 23 12
24251000000 29 25 13
24279000000 16 1 1
24279000000 12 20 5
24279000000 9 23 12
24279000000 29 25 13
24300000000 16 1 1
24300000000 12 20 5
24300000000 9 23 12
24300000000 29 25 13
24321000000 16 1 1
24321000000 12 20 5
24321000000 9 23 12
24321000000 29 25 13
24326000000 16 1 1
24326000000 12 20 5
24326000000 9 23 12
24326000000 29 25 13
24340000000 16 1 1
24340000000 12 20 5
24340000000 9 23 12
24340000000 29 25 13
24340000000 16 1 1
24340000000 12 20 5
24340000000 9 23 12
24340000000 29 25 13
24365000000 16 1 1
24365000000 12 20 5
24365000000 9 23 12
24365000000 29 25 13
24386000000 16 1 1
24386000000 12 20 5
24386000000 9 23 12
24386000000 29 25 13
24409000000 16 1 1
24409000000 12 20 5
24409000000 9 23 12
24409000000 29 25 13
24452000000 16 1 1
24452000000 12 20 5
24452000000 9 23 12
24452000000 29 25 13
24491000000 16 1 1
24491000000 12 20 5
24491000000 9 23 12
24491000000 29 25 13
24554000000 16 1 1
24554000000 12 20 5
24554000000 9 23 12
24554000000 29 25 13
24558000000 16 1 1
24558000000 12 20 5
24558000000 9 23 12
24558000000 29 25 13
24591000000 16 1 1
24591000000 12 20 5
24591000000 9 23 12
24591000000 29 25 13
24596000000 16 1 1
24596000000 12 20 5
24596000000 9 23 12
24596000000 29 25 13
24621000000 16 1 1
24621000000 12 20 5
24621000000 9 23 12
24621000000 29 25 13
24654000000 16 1 1
24654000000 12 20 5
24654000000 9 23 12
24654000000 29 25 13
24680000000 16 1 1
24680000000 12 20 5
24680000000 9 23 12
24680000000 29 25 13
24710000000 16 1 1
24710000000 12 20 5
24710000000 9 23 12
24710000000 29 25 13
24720000000 16 1 1
24720000000 12 20 5
24720000000 9 23 12
24720000000 29 25 13
24769000000 16 1 1
24769000000 12 20 5
24769000000 9 23 12
24769000000 29 25 13
24774000000 16 1 1
24774000000 12 20 5
24774000000 9 23 12
24774000000 29 25 13
24802000000 16 1 1
24802000000 12 20 5
24802000000 9 23 12
24802000000 29 25 13
24805000000 16 1 1
24805000000 12 20 5
24805000000 9 23 12
24805000000 29 25 13
24861000000 16 1 1
24861000000 12 20 5
24861000000 9 23 12
24861000000 29 25 13
24871000000 16 1 1
24871000000 12 20 5
24871000000 9 23 12
24871000000 29 25 13
24897000000 16 1 1
24897000000 12 20 5
24897000000 9 23 12
24897000000 29 25 13
24926000000 16 1 1
24926000000 12 20 5
24926000000 9 23 12
24926000000 29 25 13
24977000000 16 1 1
24977000000 12 20 5
24977000000 9 23 12
24977000000 29 25 13
24998000000 16 1 1
24998000000 12 20 5
24998000000 9 23 12
24998000000 29 25 13
25078000000 16 1 1
25078000000 12 20 5
25078000000 9 23 12
25078000000 29 25 13
25093000000 16 1 1
25093000000 12 20 5
25093000000 9 23 12
25093000000 29 25 13
25105000000 16 1 1
25105000000 12 20 5
25105000000 9 23 12
25105000000 29 25 13
25132000000 16 1 1
25132000000 12 20 5
25132000000 9 23 12
25132000000 29 25 13
25138000000 16 1 1
25138000000 12 20 5
25138000000 9 23 12
25138000000 29 25 13
25159000000 16 1 1
25159000000 12 20 5
25159000000 9 23 12
25159000000 29 25 13
25187000000 16 1 1
25187000000 12 20 5
25187000000 9 23 12
25187000000 29 25 13
25192000000 16 1 1
25192000000 12 20 5
25192000000 9 23 12
25192000000 29 25 13
25218000000 16 1 1
25218000000 12 20 5
25218000000 9 23 12
25218000000 29 25 13
25251000000 16 1 1
25251000000 12 20 5
25251000000 9 23 12
25251000000 29 25 13
25312000000 16 1 1
25312000000 12 20 5
25312000000 9 23 12
25312000000 29 25 13
25370000000 16 1 1
25370000000 12 20 5
25370000000 9 23 12
25370000000 29 25 13
25396000000 16 1 1
25396000000 12 20 5
25396000000 9 23 12
25396000000 29 25 13
25462000000 16 1 1
25462000000 12 20 5
25462000000 9 23 12
25462000000 29 25 13
25466000000 16 1 1
25466000000 12 20 5
25466000000 9 23 12
25466000000 29 25 13
25490000000 16 1 1
25490000000 12 20 5
25490000000 9 23 12
25490000000 29 25 13
25512000000 16 1 1
25512000000 12 20 5
25512000000 9 23 12
25512000000 29 25 13
25588000000 16 1 1
25588000000 12 20 5
25588000000 9 23 12
25588000000 29 25 13
25594000000 16 1 1
25594000000 12 20 5
25594000000 9 23 12
25594000000 29 25 13
25601000000 16 1 1
25601000000 12 20 5
25601000000 9 23 12
25601000000 29 25 13
25636000000 16 1 1
25636000000 12 20 5
25636000000 9 23 12
25636000000 29 25 13
25643000000 16 1 1
25643000000 12 20 5
25643000000 9 23 12
25643000000 29 25 13
25659000000 16 1 1
25659000000 12 20 5
25659000000 9 23 12
25659000000 29 25 13
25670000000 16 1 1
25670000000 12 20 5
25670000000 9 23 12
25670000000 29 25 13
25675000000 16 1 1
25675000000 12 20 5
25675000000 9 23 12
25675000000 29 25 13
25700000000 16 1 1
25700000000 12 20 5
25700000000 9 23 12
25700000000 29 25 13
25706000000 16 1 1
25706000000 12 20 5
25706000000 9 23 12
25706000000 29 25 13
25800000000 16 1 1
25800000000 12 20 5
25800000000 9 23 12
25800000000 29 25 13
25834000000 16 1 1
25834000000 12 20 5
25834000000 9 23 12
25834000000 29 25 13
25853000000 16 1 1
25853000000 12 20 5
25853000000 9 23 12
25853000000 29 25 13
25856000000 16 1 1
25856000000 12 20 5
25856000000 9 23 12
25856000000 29 25 13
25939000000 16 1 1
25939000000 12 20 5
25939000000 9 23 12
25939000000 29 25 13
25985000000 16 1 1
25985000000 12 20 5
25985000000 9 23 12
25985000000 29 25 13
26014000000 16 1 1
26014000000 12 20 5
26014000000 9 23 12
26014000000 29 25 13
26081000000 16 1 1
26081000000 12 20 5
26081000000 9 23 12
26081000000 29 25 13
26089000000 16 1 1
26089000000 12 20 5
26089000000 9 23 12
26089000000 29 25 13
26109000000 16 1 1
26109000000 12 20 5
26109000000 9 23 12
26109000000 29 25 13
26120000000 16 1 1
26120000000 12 20 5
26120000000 9 23 12
26120000000 29 25 13
26131000000 16 1 1
26131000000 12 20 5
26131000000 9 23 12
26131000000 29 25 13
26135000000 16 1 1
26135000000 12 20 5
26135000000 9 23 12
26135000000 29 25 13
26172000000 16 1 1
26172000000 12 20 5
26172000000 9 23 12
26172000000 29 25 13
26173000000 16 1 1
26173000000 12 20 5
26173000000 9 23 12
26173000000 29 25 13
26262000000 16 1 1
26262000000 12 20 5
26262000000 9 23 12
26262000000 29 25 13
26282000000 16 1 1
26282000000 12 20 5
26282000000 9 23 12
26282000000 29 25 13
26300000000 16 1 1
26300000000 12 20 5
26300000000 9 23 12
26300000000 29 25 13
26378000000 16 1 1
26378000000 12 20 5
26378000000 9 23 12
26378000000 29 25 13
26444000000 16 1 1
26444000000 12 20 5
26444000000 9 23 12
26444000000 29 25 13
26454000000 16 1 1
26454000000 12 20 5
26454000000 9 23 12
26454000000 29 25 13
26478000000 16 1 1
26478000000 12 20 5
26478000000 9 23 12
26478000000 29 25 13
26517000000 16 1 1
26517000000 12 20 5
26517000000 9 23 12
26517000000 29 25 13
26544000000 16 1 1
26544000000 12 20 5
26544000000 9 23 12
26544000000 29 25 13
26606000000 16 1 1
26606000000 12 20 5
26606000000 9 23 12
26606000000 29 25 13
26610000000 16 1 1
26610000000 12 20 5
26610000000 9 23 12
26610000000 29 25 13
26612000000 16 1 1
26612000000 12 20 5
26612000000 9 23 12
26612000000 29 25 13
26627000000 16 1 1
26627000000 12 20 5
26627000000 9 23 12
26627000000 29 25 13
26658000000 16 1 1
26658000000 12 20 5
26658000000 9 23 12
26658000000 29 25 13
26676000000 16 1 1
26676000000 12 20 5
26676000000 9 23 12
26676000000 29 25 13
26679000000 16 1 1
26679000000 12 20 5
26679000000 9 23 12
26679000000 29 25 13
26822000000 16 1 1
26822000000 12 20 5
26822000000 9 23 12
26822000000 29 25 13
26867000000 16 1 1
26867000000 12 20 5
26867000000 9 23 12
26867000000 29 25 13
26919000000 16 1 1
26919000000 12 20 5
26919000000 9 23 12
26919000000 29 25 13
26924000000 16 1 1
26924000000 12 20 5
26924000000 9 23 12
26924000000 29 25 13
26989000000 16 1 1
26989000000 12 20 5
26989000000 9 23 12
26989000000 29 25 13
27025000000 16 1 1
27025000000 12 20 5
27025000000 9 23 12
27025000000 29 25 13
27027000000 16 1 1
27027000000 12 20 5
27027000000 9 23 12
27027000000 29 25 13
27032000000 16 1 1
27032000000 12 20 5
27032000000 9 23 12
27032000000 29 25 13
27034000000 16 1 1
27034000000 12 20 5
27034000000 9 23 12
27034000000 29 25 13
27045000000 16 1 1
27045000000 12 20 5
27045000000 9 23 12
27045000000 29 25 13
27100000000 16 1 1
27100000000 12 20 5
27100000000 9 23 12
27100000000 29 25 13
27106000000 16 1 1
27106000000 12 20 5
27106000000 9 23 12
27106000000 29 25 13
27118000000 16 1 1
27118000000 12 20 5
27118000000 9 23 12
27118000000 29 25 13
27225000000 16 1 1
27225000000 12 20 5
27225000000 9 23 12
27225000000 29 25 13
27247000000 16 1 1
27247000000 12 20 5
27247000000 9 23 12
27247000000 29 25 13
27378000000 16 1 1
27378000000 12 20 5
27378000000 9 23 12
27378000000 29 25 13
27446000000 16 1 1
27446000000 12 20 5
27446000000 9 23 12
27446000000 29 25 13
27450000000 16 1 1
27450000000 12 20 5
27450000000 9 23 12
27450000000 29 25 13
27452000000 16 1 1
27452000000 12 20 5
27452000000 9 23 12
27452000000 29 25 13
27500000000 16 1 1
27500000000 12 20 5
27500000000 9 23 12
27500000000 29 25 13
27593000000 16 1 1
27593000000 12 20 5
27593000000 9 23 12
27593000000 29 25 13
27593000000 16 1 1
27593000000 12 20 5
27593000000 9 23 12
27593000000 29 25 13
27596000000 16 1 1
27596000000 12 20 5
27596000000 9 23 12
27596000000 29 25 13
27611000000 16 1 1
27611000000 12 20 5
27611000000 9 23 12
27611000000 29 25 13
27627000000 16 1 1
27627000000 12 20 5
27627000000 9 23 12
27627000000 29 25 13
27637000000 16 1 1
27637000000 12 20 5
27637000000 9 23 12
27637000000 29 25 13
27641000000 16 1 1
27641000000 12 20 5
27641000000 9 23 12
27641000000 29 25 13
27653000000 16 1 1
27653000000 12 20 5
27653000000 9 23 12
27653000000 29 25 13
27674000000 16 1 1
27674000000 12 20 5
27674000000 9 23 12
27674000000 29 25 13
27679000000 16 1 1
27679000000 12 20 5
27679000000 9 23 12
27679000000 29 25 13
27744000000 16 1 1
27744000000 12 20 5
27744000000 9 23 12
27744000000 29 25 13
27779000000 16 1 1
27779000000 12 20 5
27779000000 9 23 12
27779000000 29 25 13
27838000000 16 1 1
27838000000 12 20 5
27838000000 9 23 12
27838000000 29 25 13
27908000000 16 1 1
27908000000 12 20 5
27908000000 9 23 12
27908000000 29 25 13
27920000000 16 1 1
27920000000 12 20 5
27920000000 9 23 12
27920000000 29 25 13
27978000000 16 1 1
27978000000 12 20 5
27978000000 9 23 12
27978000000 29 25 13
28026000000 16 1 1
28026000000 12 20 5
28026000000 9 23 12
28026000000 29 25 13
28063000000 16 1 1
28063000000 12 20 5
28063000000 9 23 12
28063000000 29 25 13
28071000000 16 1 1
28071000000 12 20 5
28071000000 9 23 12
28071000000 29 25 13
28071000000 16 1 1
28071000000 12 20 5
28071000000 9 23 12
28071000000 29 25 13
28089000000 16 1 1
28089000000 12 20 5
28089000000 9 23 12
28089000000 29 25 13
28089000000 16 1 1
28089000000 12 20 5
28089000000 9 23 12
28089000000 29 25 13
28169000000 16 1 1
28169000000 12 20 5
28169000000 9 23 12
28169000000 29 25 13
28188000000 16 1 1
28188000000 12 20 5
28188000000 9 23 12
28188000000 29 25 13
28192000000 16 1 1
28192000000 12 20 5
28192000000 9 23 12
28192000000 29 25 13
28197000000 16 1 1
28197000000 12 20 5
28197000000 9 23 12
28197000000 29 25 13
28244000000 16 1 1
28244000000 12 20 5
28244000000 9 23 12
28244000000 29 25 13
28329000000 16 1 1
28329000000 12 20 5
28329000000 9 23 12
28329000000 29 25 13
28375000000 16 1 1
28375000000 12 20 5
28375000000 9 23 12
28375000000 29 25 13
28437000000 16 1 1
28437000000 12 20 5
28437000000 9 23 12
28437000000 29 25 13
28465000000 16 1 1
28465000000 12 20 5
28465000000 9 23 12
28465000000 29 25 13
28523000000 16 1 1
28523000000 12 20 5
28523000000 9 23 12
28523000000 29 25 13
28542000000 16 1 1
28542000000 12 20 5
28542000000 9 23 12
28542000000 29 25 13
28547000000 16 1 1
28547000000 12 20 5
28547000000 9 23 12
28547000000 29 25 13
28548000000 16 1 1
28548000000 12 20 5
28548000000 9 23 12
28548000000 29 25 13
28580000000 16 1 1
28580000000 12 20 5
28580000000 9 23 12
28580000000 29 25 13
28611000000 16 1 1
28611000000 12 20 5
28611000000 9 23 12
28611000000 29 25 13
28658000000 16 1 1
28658000000 12 20 5
28658000000 9 23 12
28658000000 29 25 13
28683000000 16 1 1
28683000000 12 20 5
28683000000 9 23 12
28683000000 29 25 13
28701000000 16 1 1
28701000000 12 20 5
28701000000 9 23 12
28701000000 29 25 13
28718000000 16 1 1
28718000000 12 20 5
28718000000 9 23 12
28718000000 29 25 13
28862000000 16 1 1
28862000000 12 20 5
28862000000 9 23 12
28862000000 29 25 13
28994000000 16 1 1
28994000000 12 20 5
28994000000 9 23 12
28994000000 29 25 13
29022000000 16 1 1
29022000000 12 20 5
29022000000 9 23 12
29022000000 29 25 13
29069000000 16 1 1
29069000000 12 20 5
29069000000 9 23 12
29069000000 29 25 13
29075000000 16 1 1
29075000000 12 20 5
29075000000 9 23 12
29075000000 29 25 13
29083000000 16 1 1
29083000000 12 20 5
29083000000 9 23 12
29083000000 29 25 13
29166000000 16 1 1
29166000000 12 20 5
29166000000 9 23 12
29166000000 29 25 13
29207000000 16 1 1
29207000000 12 20 5
29207000000 9 23 12
29207000000 29 25 13
29220000000 16 1 1
29220000000 12 20 5
29220000000 9 23 12
29220000000 29 25 13
29225000000 16 1 1
29225000000 12 20 5
29225000000 9 23 12
29225000000 29 25 13
29381000000 16 1 1
29381000000 12 20 5
29381000000 9 23 12
29381000000 29 25 13
29443000000 16 1 1
29443000000 12 20 5
29443000000 9 23 12
29443000000 29 25 13
29500000000 16 1 1
29500000000 12 20 5
29500000000 9 23 12
29500000000 29 25 13
29562000000 16 1 1
29562000000 12 20 5
29562000000 9 23 12
29562000000 29 25 13
29617000000 16 1 1
29617000000 12 20 5
29617000000 9 23 12
29617000000 29 25 13
29626000000 16 1 1
29626000000 12 20 5
29626000000 9 23 12
29626000000 29 25 13
29629000000 16 1 1
29629000000 12 20 5
29629000000 9 23 12
29629000000 29 25 13
29676000000 16 1 1
29676000000 12 20 5
29676000000 9 23 12
29676000000 29 25 13
29771000000 16 1 1
29771000000 12 20 5
29771000000 9 23 12
29771000000 29 25 13
29901000000 16 1 1
29901000000 12 20 5
29901000000 9 23 12
29901000000 29 25 13
29923000000 16 1 1
29923000000 12 20 5
29923000000 9 23 12
29923000000 29 25 13
30029000000 16 1 1
30029000000 12 20 5
30029000000 9 23 12
30029000000 29 25 13
30093000000 16 1 1
30093000000 12 20 5
30093000000 9 23 12
30093000000 29 25 13
30104000000 16 1 1
30104000000 12 20 5
30104000000 9 23 12
30104000000 29 25 13
30107000000 16 1 1
30107000000 12 20 5
30107000000 9 23 12
30107000000 29 25 13
30133000000 16 1 1
30133000000 12 20 5
30133000000 9 23 12
30133000000 29 25 13
30147000000 16 1 1
30147000000 12 20 5
30147000000 9 23 12
30147000000 29 25 13
30177000000 16 1 1
30177000000 12 20 5
30177000000 9 23 12
30177000000 29 25 13
30240000000 16 1 1
30240000000 12 20 5
30240000000 9 23 12
30240000000 29 25 13
30491000000 16 1 1
30491000000 12 20 5
30491000000 9 23 12
30491000000 29 25 13
30538000000 16 1 1
30538000000 12 20 5
30538000000 9 23 12
30538000000 29 25 13
30551000000 16 1 1
30551000000 12 20 5
30551000000 9 23 12
30551000000 29 25 13
30554000000 16 1 1
30554000000 12 20 5
30554000000 9 23 12
30554000000 29 25 13
30611000000 16 1 1
30611000000 12 20 5
30611000000 9 23 12
30611000000 29 25 13
30637000000 16 1 1
30637000000 12 20 5
30637000000 9 23 12
30637000000 29 25 13
30644000000 16 1 1
30644000000 12 20 5
30644000000 9 23 12
30644000000 29 25 13
30646000000 16 1 1
30646000000 12 20 5
30646000000 9 23 12
30646000000 29 25 13
30725000000 16 1 1
30725000000 12 20 5
30725000000 9 23 12
30725000000 29 25 13
30922000000 16 1 1
30922000000 12 20 5
30922000000 9 23 12
30922000000 29 25 13
30996000000 16 1 1
30996000000 12 20 5
30996000000 9 23 12
30996000000 29 25 13
31003000000 16 1 1
31003000000 12 20 5
31003000000 9 23 12
31003000000 29 25 13
31050000000 16 1 1
31050000000 12 20 5
31050000000 9 23 12
31050000000 29 25 13
31107000000 16 1 1
31107000000 12 20 5
31107000000 9 23 12
31107000000 29 25 13
31152000000 16 1 1
31152000000 12 20 5
31152000000 9 23 12
31152000000 29 25 13
31193000000 16 1 1
31193000000 12 20 5
31193000000 9 23 12
31193000000 29 25 13
31218000000 16 1 1
31218000000 12 20 5
31218000000 9 23 12
31218000000 29 25 13
31221000000 16 1 1
31221000000 12 20 5
31221000000 9 23 12
31221000000 29 25 13
31317000000 16 1 1
31317000000 12 20 5
31317000000 9 23 12
31317000000 29 25 13
31372000000 16 1 1
31372000000 12 20 5
31372000000 9 23 12
31372000000 29 25 13
31459000000 16 1 1
31459000000 12 20 5
31459000000 9 23 12
31459000000 29 25 13
31494000000 16 1 1
31494000000 12 20 5
31494000000 9 23 12
31494000000 29 25 13
31545000000 16 1 1
31545000000 12 20 5
31545000000 9 23 12
31545000000 29 25 13
31588000000 16 1 1
31588000000 12 20 5
31588000000 9 23 12
31588000000 29 25 13
31634000000 16 1 1
31634000000 12 20 5
31634000000 9 23 12
31634000000 29 25 13
31794000000 16 1 1
31794000000 12 20 5
31794000000 9 23 12
31794000000 29 25 13
31817000000 16 1 1
31817000000 12 20 5
31817000000 9 23 12
31817000000 29 25 13
31849000000 16 1 1
31849000000 12 20 5
31849000000 9 23 12
31849000000 29 25 13
31881000000 16 1 1
31881000000 12 20 5
31881000000 9 23 12
31881000000 29 25 13
31900000000 16 1 1
31900000000 12 20 5
31900000000 9 23 12
31900000000 29 25 13
31919000000 16 1 1
31919000000 12 20 5
31919000000 9 23 12
31919000000 29 25 13
31922000000 16 1 1
31922000000 12 20 5
31922000000 9 23 12
31922000000 29 25 13
