2460856097 1
2460856097 2
2460856097 3
2460856097 4
2460856097 5
2460856097 6
2460856097 7
2460856097 8
2460856097 9
2460856097 10
2510200384 1
2510200384 2
2510200384 3
2510200384 4
2510200384 5
2510200384 6
2510200384 7
2510200384 8
2510200384 9
2510200384 10
2928078006 1
2928078006 2
2928078006 3
2928078006 4
2928078006 5
2928078006 6
2928078006 7
2928078006 8
2928078006 9
2928078006 10
2979645453 1
2979645453 2
2979645453 3
2979645453 4
2979645453 5
2979645453 6
2979645453 7
2979645453 8
2979645453 9
2979645453 10
2986742003 2
2986742003 3
2986742003 4
2986742003 5
2986742003 6
2986742003 7
2986742003 8
2986742003 9
2986742003 10
3032257236 2
3032257236 4
3032257236 5
3032257236 6
3032257236 7
3032257236 8
3032257236 9
3032257236 10
3059688236 2
3059688236 4
3059688236 5
3059688236 6
3059688236 7
3059688236 8
3059688236 9
3059688236 10
3080072669 2
3080072669 4
3080072669 5
3080072669 6
3080072669 7
3080072669 8
3080072669 9
3080072669 10
3103433704 2
3103433704 4
3103433704 5
3103433704 6
3103433704 7
3103433704 8
3103433704 9
3103433704 10
3144414216 2
3144414216 4
3144414216 5
3144414216 6
3144414216 7
3144414216 8
3144414216 9
3144414216 10
3215895233 2
3215895233 4
3215895233 5
3215895233 6
3215895233 7
3215895233 8
3215895233 9
3215895233 10
3469262362 2
3469262362 4
3469262362 5
3469262362 6
3469262362 7
3469262362 8
3469262362 10
3472875248 2
3472875248 4
3472875248 5
3472875248 6
3472875248 7
3472875248 8
3472875248 10
3477588605 2
3477588605 4
3477588605 5
3477588605 6
3477588605 8
3477588605 10
3680208703 2
3680208703 4
3680208703 5
3680208703 6
3680208703 8
3680208703 10
3704843080 2
3704843080 4
3704843080 5
3704843080 6
3704843080 10
3769056884 4
3769056884 5
3769056884 6
3769056884 10
3785157827 4
3785157827 5
3785157827 6
3785157827 10
3866426305 4
3866426305 5
3866426305 6
3866426305 10
3915924173 4
3915924173 5
3915924173 6
3915924173 10
3944504338 4
3944504338 5
3944504338 6
3944504338 10
3960060576 4
3960060576 5
3960060576 6
3960060576 10
3975860745 4
3975860745 5
3975860745 6
3975860745 10
4001178368 4
4001178368 5
4001178368 6
4001178368 10
4087127854 4
4087127854 5
4087127854 6
4087127854 10
4088583115 4
4088583115 5
4088583115 6
4088583115 10
4154722903 4
4154722903 5
4154722903 6
4154722903 10
4370685881 4
4370685881 5
4370685881 6
4370685881 10
4377353478 4
4377353478 5
4377353478 6
4377353478 10
4547836011 4
4547836011 5
4547836011 6
4547836011 10
4563712611 4
4563712611 5
4563712611 6
4563712611 10
4574726689 4
4574726689 5
4574726689 6
4574726689 10
4592749151 4
4592749151 5
4592749151 6
4592749151 10
4594135957 5
4594135957 6
4594135957 10
4649184378 5
4649184378 6
4649184378 10
4678073238 5
4678073238 10
4703008688 10
4731731696 10
4820694097 10 
5008559083 10
5189194472 10
5237522606 10  
5282577478 10  
5297284494 10  
5354975317 10  
5397547347 10 
5487256488 10  
5566062140 10 
5593608537 10  
5600528580 10  
5668003466 10  
5887463302 10  
5947375149 10  
6027194821 10  
6068407823 10  
6105546982 10  
6132840711 10  
6327289438 10 
6355655030 10  
6365737388 10  
6403435168 10 
6415254657 10  
6566164479 10  
6614326487 10  
6675584144 10  
6880558839 10  
6883674951 10 
6902551496 10  
7135240641 10  
7138347797 10  
7239053650 10  
7240780073 10  
7338579981 10  
7473175674 10  
7520368694 10 
7526899555 10  
7625405930 10  
7757660176 10  
7879187915 10  
7922775015 10  
8096268836 10  
8269986087 10  
8320009114 10  
8518061680 10  
8720681142 10 
9241076322 10  
9268386654 10  
9435565406 10   
9439025624 10  
9552297144 10 
10001228332 10 
10514167736 10
10689170636 10

































































