456556953 1 
456556953 2
456556953 3
456556953 4
456556953 5
456556953 6
456556953 7
456556953 8
456556953 9
456556953 10
662566151 1
662566151 2
662566151 3
662566151 4
662566151 5
662566151 6
662566151 7
662566151 8
662566151 9
662566151 10
1000713362 1
1000713362 2
1000713362 3
1000713362 4
1000713362 5
1000713362 6
1000713362 7
1000713362 8
1000713362 9
1000713362 10
1934057556 1
1934057556 2
1934057556 3
1934057556 4
1934057556 5
1934057556 6
1934057556 7
1934057556 8
1934057556 9
1934057556 10
2398759546 1
2398759546 2
2398759546 3
2398759546 4
2398759546 5
2398759546 6
2398759546 7
2398759546 8
2398759546 9
2398759546 10
2882779199 1
2882779199 2
2882779199 3
2882779199 4
2882779199 5
2882779199 6
2882779199 7
2882779199 8
2882779199 9
2882779199 10
2942546373 1
2942546373 2
2942546373 3
2942546373 4
2942546373 5
2942546373 6
2942546373 7
2942546373 8
2942546373 9
2942546373 10
2954907046 2
2954907046 3
2954907046 4
2954907046 5
2954907046 6
2954907046 7
2954907046 8
2954907046 9
2954907046 10
3121120537 2
3121120537 3
3121120537 4
3121120537 5
3121120537 6
3121120537 7
3121120537 8
3121120537 9
3121120537 10
3266891282 2
3266891282 3
3266891282 5
3266891282 6
3266891282 7
3266891282 8
3266891282 9
3266891282 10
3334302439 2
3334302439 5
3334302439 6
3334302439 7
3334302439 8
3334302439 9
3334302439 10
3376445995 2
3376445995 6
3376445995 7
3376445995 8
3376445995 9
3376445995 10
3854164965 6
3854164965 7
3854164965 8
3854164965 9
3854164965 10
3871725026 6
3871725026 7
3871725026 8
3871725026 9
4606050465 6
4606050465 7
4606050465 8
4606050465 9
4635426115 7
4635426115 8
4635426115 9
5236384151 7
5236384151 8
5236384151 9
5625388797 7
5625388797 8
5625388797 9
5792209146 7
5792209146 8
5792209146 9
6118208982 7
6118208982 8
6278409999 7 
6278409999 8 
6285475237 7
6285475237 8
6687608119 7
6687608119 8
6783115972 7
6783115972 8
7078741547 7
7078741547 8
7337274722 7
7337274722 8
7922521984 7
7922521984 8
8137757481 7
8137757481 8
8235716392 7
8235716392 8
8313171300 8
8350148743 8
8522448965 8
9016864690 8
9176593799 8
9720269086 8
9995832513 8
10062640414 8
10330687787 8
10378633409 8
10645032867 8
11363992039 8
11552343812 8
11992004034 8
12014813125 8
12544282867 8
12563872889 8
12690366148 8
13948004856 8
14329127523 8
14706814886 8
14743008182 8
15262805575 8
15386544069 8
15853712365 8
15939734967 8
16237365006 8
16252624092 8
16273557133 8
16573136473 8
17040435248 8
17124742979 8
17293695976 8
17633883128 8
17748134596 8
17807559346 8
17961467096 8
18630678571 8
19013208911 8
19208443631 8
19361838310 8
19563211630 8
19678122450 8
19828526366 8
20693787229 8
20716648744 8
20758725441 8
20892701499 8
21486097622 8
21491091582 8
21887478973 8
22013034566 8
22396322174 8
22528685652 8
23052879553 8
23134158014 8
23304722405 8
24415145394 8
24721683940 8
24864325549 8
25652713944 8
25906557427 8
27027338200 8
27095602735 8
27817851960 8
28378916368 8
28575313785 8
30208463178 8
31820120865 8
