11 11 50.5312
22 22 68.8438
33 33 53.5234
55 55 61.0547
66 66 97.0781
77 77 9.00781
88 88 10.1719
99 99 74.8047
AA AA 72.9375
11 11 91.2578
22 22 65.8906
33 33 58.5391
55 55 16.9688
66 66 89.5703
77 77 18.0156
88 88 53.0469
99 99 38.0391
AA AA 89.086
99 99 33.0312
AA AA 73.4062
11 11 70.5938
33 33 84.5156
33 33 23.0234
55 55 101.109
66 66 2.14844
77 77 4.00781
88 88 21.1719
99 99 36.0312
AA AA 47.7812
99 99 32.3594
88 88 58.0547
77 77 36.2188
66 66 19.7969
55 55 73.9375
33 33 7.64382
22 22 76.1170
11 11 94.8810
11 11 92.9602
22 22 70.5543
33 33 75.0116
55 55 12.4560
66 66 54.1814
77 77 78.8945
88 88 41.1062
99 99 70.2797
AA AA 96.9357
11 11 21.2843
22 22 86.2832
33 33 53.0733
55 55 47.5231
66 66 67.6087
77 77 70.9531
88 88 13.1544
99 99 24.5079
AA AA 11.9762
11 11 35.7217
22 22 59.7497
33 33 69.4119
44 44 70.7752
55 55 75.5088
66 66 16.2379
77 77 46.0529
88 88 50.1514
99 99 78.1862
AA AA 73.2610
11 11 37.3131
22 22 37.7034
33 33 79.6819
44 44 45.5850
55 55 34.7982
66 66 21.5164
77 77 23.6443
88 88 39.3052
99 99 70.4071
AA AA 79.9085
88 88 63.4055
66 66 11.5833
44 44 2.92201
22 22 4.54536
11 11 43.7332
33 33 12.4216
55 55 66.4522
77 77 11.8455
99 99 56.6585
88 88 57.0361
66 66 8.94206
44 44 69.8687
22 22 58.4995
44 44 26.1458
55 55 79.1153
66 66 6.13500
77 77 27.9768
AA AA 68.4955
99 99 16.8303
88 88 2.10034
77 77 90.3819
66 66 65.1852
55 55 77.9545
44 44 0.55357
33 33 20.9743
22 22 31.6186
11 11 44.0280

