11 11 48.3
22 22 62.0625
33 33 4.04688
55 55 43.0391
66 66 45.0547
77 77 55.0547
88 88 22.1328
99 99 22.0234
AA AA 40.375
11 11 1.60938
22 22 93.0859
33 33 0
55 55 0.0078125
66 66 2
77 77 0
88 88 0
99 99 0
AA AA 46.0469
99 99 0.234375
AA AA 9.05469
11 11 0
33 33 5.24219
33 33 0.03125
55 55 0.882812
66 66 25.0234
77 77 0
88 88 0.515625
99 99 0.242188
AA AA 18.0234
99 99 2.01562
88 88 0.515625
77 77 1.00781
66 66 2.82812
55 55 1
33 33 1
22 22 0
11 11 0
11 11 79.04
22 22 0.0078125
33 33 0.234375
55 55 0.609375
66 66 1
77 77 3.5
88 88 4.02344
99 99 0.34375
AA AA 3.01562
11 11 1
22 22 1
33 33 0
55 55 1.00003
66 66 0
77 77 4.59375
88 88 0.421875
99 99 1.97656
AA AA 0.226562
11 11 51.0495
22 22 64.0676
33 33 30 3.70816
44 44 65.0636
55 55 92.0915
66 66 4.93442
77 77 61.872
88 88 75.4622
99 99 65.1134
AA AA 31.7959
11 11 37 1.49442
22 22 0.000427246
33 33 0.000427246
44 44 0.000427246
55 55 0.999725
66 66 0.571838
77 77 0.000427246
88 88 0.998047
99 99 0.000457764
AA AA 1.00558
88 88 2.00235
66 66 0.000427246
44 44 0.000396729
22 22 1.00058
11 11 0.60434
33 33 1.83722
55 55 0.000427246
77 77 0.000457764
99 99 0.000427246
88 88 1.00119
66 66 1.37335
44 44 0.00128174
22 22 0.00125122
44 44 23.08
55 55 0.0013122
66 66 0.00039672
77 77 1.3550415
AA AA 62.059814
99 99 0.9971618
88 88 0.000457763
77 77 0.00045776
66 66 5.757507
55 55 1.0022583
44 44 0.7453002
33 33 0.00045776
22 22 0.645202
11 11 0.999694
