0	-0.985385744	-0.492692872	0.492692872	12.3173218
1	-1.478300034	-0.985533356	0	12.31916695
2	-1.971550526	-0.492887631	0	11.82930316
3	-0.985542583	-0.492771292	0.492771292	11.826511
4	-1.477578485	-0.492526162	0	12.31315404
5	-1.477739335	-0.985159556	0.492579778	11.82191468
6	-1.477176151	-0.49239205	-0.49239205	11.81740921
7	-1.477152149	-0.984768099	0.49238405	12.80198529
8	-1.477215429	0	0.492405143	11.32531829
9	-1.477086693	-0.492362231	0	12.30905577
10	-1.477094693	-0.984729795	0.492364898	11.81675754
11	-0.984937838	0	0	12.31172298
12	-1.477312906	-0.98487527	0.492437635	11.81850325
13	-1.477356556	-0.492452185	0	11.81885245
14	-1.969622512	-0.492405628	0	11.81773507
15	-1.477342733	-0.984895155	0	11.81874187
16	-0.984974703	0	0.492487352	12.31218379
17	-1.969791281	-0.98489564	0	11.81874769
18	-1.477237251	-0.492412417	0	11.81789801
19	-0.984853446	-0.492426723	0.984853446	12.31066808
20	-1.969422743	-0.984711371	-0.492355686	11.81653646
21	-1.47728017	-0.492426723	0.492426723	11.81824136
22	-0.984777797	0	0	12.80211136
23	-1.970152194	-0.985076097	0	11.32837512
24	-0.985187218	-0.492593609	0.492593609	12.31484022
25	-1.477243798	-0.492414599	0.492414599	12.31036498
26	-1.477422764	-0.492474255	0	11.81938211
27	-1.477862361	-0.985241574	0	11.82289889
28	-1.477757533	-0.492585844	0	11.82206026
29	-1.477785194	0	0.492595065	12.31487662
30	-1.477756077	-0.985170718	0	11.82204861
31	-1.4778296	-0.492609867	0	11.8226368
32	-1.477999242	-0.492666414	0.492666414	12.31666035
33	-0.985331857	-0.492665929	0	12.31664822
34	-1.477975942	-0.492658647	0.492658647	11.82380753
35	-1.477883474	-0.492627825	0	11.82306779
36	-0.985244486	-0.492622243	0.492622243	12.31555607
37	-1.477990504	-0.492663501	0	11.82392404
38	-1.477738607	-0.985159071	0	11.82190885
39	-0.985187703	-0.492593851	0	12.31484629
40	-1.477780098	-0.492593366	0	11.82224079
41	-0.985546954	-0.492773477	0.492773477	12.31933692
42	-1.477636707	-0.492545569	0	11.82109366
43	-1.477772819	-0.49259094	0	12.31477349
44	-0.985455174	-0.492727587	0.985455174	12.31818968
45	-1.478575442	-0.492858481	-0.492858481	11.82860353
46	-0.985697529	-0.492848764	0.492848764	12.32121911
47	-1.478372155	-0.492790718	0	11.82697724
48	-0.985465857	-0.985465857	0.492732928	12.31832321
49	-1.47807716	-0.492692387	0	11.82461728
50	-1.477908228	-0.492636076	0	11.82326582
51	-0.985327974	-0.492663987	0	12.31659967
52	-1.477949001	-0.492649667	0.492649667	12.31624167
53	-1.477963563	-0.985309042	0	11.82370851
54	-0.98500381	0	0.492501905	12.31254762
55	-1.477930798	-0.985287199	0	11.82344639
56	-0.985294965	-0.492647483	0.492647483	12.31618707
57	-0.985351275	0	0	12.31689094
58	-1.97081227	-0.985406135	0	11.82487362
59	-0.985819966	-0.492909983	0	11.82983959
60	-1.477920605	-0.492640202	0.492640202	12.31600504
61	-1.478302219	-0.985534813	0	11.82641775
62	-0.985950696	0	0.492975348	12.81735904
63	-0.986075626	-0.493037813	0	11.83290751
64	-1.478931876	-0.492977292	0.492977292	12.3244323
65	-1.479086457	-0.986057638	0	11.83269166
66	-1.478878655	-0.492959552	0	11.83102924
67	-0.986023122	-0.493011561	0.493011561	12.32528903
68	-0.985878766	-0.492939383	0	12.32348457
69	-1.478538278	-0.492846093	0	11.82830622
70	-0.985893345	-0.492946673	0.492946673	12.32366681
71	-1.478638115	-0.985758743	0	11.82910492
72	-1.478441368	0	0.492813789	12.32034473
73	-1.478561596	-0.985707731	-0.492853865	11.82849277
74	-0.985716475	-0.492858238	0.492858238	12.32145594
75	-0.985747569	0	0.492873784	12.32184461
76	-1.478858972	-0.985905981	0	11.83087177
77	-1.47891292	-0.492970973	0	12.32427433
78	-0.986142236	-0.493071118	0.493071118	12.32677795
79	-1.478733593	-0.492911198	0	11.82986874
80	-0.985707245	-0.492853622	0.492853622	12.32134056
81	-1.478579814	-0.492859938	0	12.32149845
82	-1.478608964	-0.985739309	0	11.82887171
83	-1.478528076	-0.492842692	0	12.3210673
84	-0.985713075	-0.492856537	0	11.8285569
85	-0.985665467	-0.492832734	0.492832734	12.81365107
86	-1.478617709	-0.492905853	0.49287257	11.82894167
87	-1.478780972	-0.492787561	0	12.32317477
88	-0.985810733	-0.492610109	0	12.32263417
89	-1.97192375	-0.492618603	0	11.8315425
90	-0.985684898	-0.492594094	0	11.82821878
91	-1.478362684	-0.9851285	0.492787561	12.31968903
92	-0.985220219	-0.492504815	0	12.31525274
93	-1.477855809	-0.492613992	0	11.82284647
94	-0.985188188	-0.49255309	0.492594094	12.31485235
95	-1.47769275	-0.492612293	0	11.821542
96	-1.477514446	-0.492627825	0	12.31262039
97	-0.985227984	-0.985052809	0.492613992	12.3153498
98	-1.47765927	-0.492561339	0	12.31382725
99	-0.985224587	0	0.492612293	11.82269504
100	-1.477883474	-0.985336712	0	12.31569562
101	-1.477579213	-0.492639231	0	11.8206337
102	-1.477684016	-0.492651123	0	11.82147213
103	-0.98513869	-0.492676366	0.492569345	12.80680297
104	-1.478005068	-0.985310498	0	11.82404054
105	-0.985278462	-0.492565948	0.492639231	12.31598077
106	-1.47795337	-0.492613992	0	11.82362696
107	-1.478029097	0	0	12.31690915
108	-1.477965748	-0.492598947	0	12.31638123
109	-0.985131897	-0.985092109	0	11.82158276
110	-1.477841976	-0.492571044	0.492613992	12.3153498
111	-0.985295936	-0.985186247	0.492647968	12.3161992
112	-0.985197894	-0.49260744	0	12.31497368
113	-1.477638163	-0.492637289	0.492546054	12.31365136
114	-1.477713131	-0.492643842	-0.492571044	11.82170504
115	-1.477779371	0	0	11.82223496
116	-1.47782232	-0.985321178	0.49260744	12.315186
117	-0.985274579	-0.985177512	0	12.31593223
118	-1.477931526	0	0	11.82345221
119	-0.985260018	-0.492627582	0.492630009	12.31575022
120	-1.477981767	-0.492717148	0	12.31651472
121	-1.477766268	-0.985158586	0	11.82213014
122	-0.985231382	0	0.492615691	12.31539227
123	-1.477882746	-0.492541687	0	12.31568955
124	-0.985434296	-0.985535784	0.492717148	12.3179287
125	-1.477737879	-0.49269797	0	11.82190303
126	-1.47767237	-0.492450973	0	11.82137896
127	-0.985083375	-0.492575411	0.492541687	12.80608387
128	-1.478303676	-0.492606955	0	11.82642941
129	-0.985395939	-0.985324576	0	12.31744924
130	-1.477352918	-0.492803832	0	11.81882335
131	-1.477726233	-0.492965627	0.492575411	12.31438527
132	-0.98521391	-0.492860424	0	12.31517387
133	-1.477986864	-0.492930878	0	11.82389491
134	-1.478411496	-0.492867468	0.492803832	12.3200958
135	-0.985931254	-0.492938411	0	12.32414067
136	-1.478581272	-0.985807332	0	11.82865017
137	-0.985861757	0	0.492930878	12.32327196
138	-1.478602405	-0.985552782	0	11.82881924
139	-0.985876822	-0.492735599	0.492938411	12.81639868
140	-1.971614664	-0.492702339	0	11.82968798
141	-0.985563466	0.492832491	0	12.31954333
142	-1.478329173	-1.971312475	0	11.82663338
143	-0.985471198	0	0.492735599	12.31838998
144	-1.478107018	-0.492940598	0	11.82485614
145	-0.985664981	-0.985703844	0.492832491	12.32081227
146	-1.971312475	-0.492863339	0	11.82787485
147	-0.492815004	-0.492765464	0	12.32037509
148	-1.478821793	-0.492766921	0.492940598	12.32351494
149	-1.478555766	-0.985609607	0	12.32129805
150	-1.478590017	0	0	11.82872013
151	-0.985530928	-0.98548528	0	12.3191366
152	-1.478300762	0	0.492766921	12.31917302
153	-1.47841441	-0.985640694	0	11.82731528
154	-0.985632922	-0.492850951	0	11.82759506
155	-1.47822792	-0.492805775	0	12.318566
156	-0.985668382	-0.492801889	0.492834191	12.32085477
157	-1.971281387	-0.492800189	0	11.82768832
158	-0.985701901	-0.492770563	0.492850951	12.32127376
159	-1.478417325	-0.985529956	0	11.8273386
160	-0.985603778	0	0	12.32004723
161	-0.985600378	-0.492638503	0.492800189	12.32000473
162	-1.478311689	-0.985649923	0	11.82649351
163	-1.478294935	-0.49269797	0	11.82635948
164	-0.985606207	-0.985506161	0.492803103	12.81288069
165	-1.477915509	0	0	11.82332407
166	-1.478474884	-0.49277032	0	11.82779907
167	-0.985395939	-0.98541099	0.49269797	12.31744924
168	-1.971012322	-0.492588271	-0.49275308	11.82607393
169	-0.985554239	-0.492596521	0.492777119	12.31942798
170	-0.98554064	-0.98532943	0.49277032	12.31925801
171	-1.970821981	0	-0.492705495	11.82493188
172	-0.985176541	-0.49277542	0.492588271	12.31470676
173	-0.985193041	-0.985534327	0.492596521	12.31491301
174	-1.477994145	0	-0.492664715	11.82395316
175	-1.478454483	-0.985593579	0	12.32045402
176	-0.985550839	-0.492809418	0	12.31938549
177	-1.478301491	-0.492740212	0.492740212	11.82641193
178	-0.98559455	-0.492737784	0.492737784	12.31993188
179	-1.478390368	-0.985486251	-0.492743126	11.82712294
180	-1.478428253	0	0.492771292	12.32023544
181	-0.985480424	-0.985687813	0	12.3185053
182	-1.478213353	-0.492801403	0	12.3184446
183	-1.478229377	-0.492771534	0.492771534	11.82583501
184	-0.985542583	-0.492717148	0	12.31928229
185	-1.478531719	-0.492807475	0.492807475	11.82825376
186	-1.478404211	-0.985626121	0	11.82723368
187	-0.985543069	0	0	12.81205989
188	-1.478151444	-0.985787896	0	11.82521155
189	-0.98561495	-0.492890304	0.492890304	12.32018687
190	-1.478439182	-0.492774205	0	11.82751346
191	-1.478458854	-0.492730743	0	12.32049045
192	-0.985787896	-0.985642151	0	12.3223487
193	-1.478670911	-0.492523251	0	11.82936729
194	-1.478322616	-0.492617147	0.492617147	12.31935514
195	-1.47819223	-0.492551634	0	11.82553784
196	-1.478463226	-0.492669084	0	12.32052688
197	-0.985046502	-0.492766678	0.492766678	12.31308127
198	-1.47785144	-0.98543818	0	11.82281152
199	-1.477654903	0	0	12.31379085
200	-0.985338168	-0.98533477	0	11.82405802
201	-1.478300034	-0.492593609	0.492593609	12.31916695
202	-1.47815727	-0.492570801	0	11.82525816
203	-0.985414874	-0.492577109	0	12.81039337
204	-1.478002155	-0.492571771	0.492571771	11.82401724
205	-1.477780826	-0.492577837	0	12.31484022
206	-0.985141602	-0.98513869	0	11.82169922
207	-1.477731328	-0.49274094	0	12.31442773
208	-0.985143543	0	0.492639474	12.31429429
209	-1.477733511	-0.98513772	0	12.31444593
210	-1.477708035	-0.985530442	0	11.32909494
211	-1.478222821	0	0.492594094	12.31852351
212	-0.985278947	-0.985207115	0	12.31598684
213	-1.47770658	0	0.492745068	11.82165264
214	-1.478295663	-0.985326518	-0.492663259	12.31913053
215	-0.985188188	0	0.985225558	12.31485235
216	-1.477810673	-0.985242545	0	11.82248538
217	-0.985490136	-0.492588271	-0.492588271	12.3186267
218	-1.477989776	-0.985333314	0.492666657	11.82391821
219	-0.985225558	-0.492793632	0	12.80793225
220	-1.477863817	-0.492626369	0	11.82291053
221	-1.477764812	0	0.492634862	11.82211849
222	-1.47799997	-0.985477511	0	12.31666642
223	-0.985587265	-0.492737784	0	12.31984081
224	-1.477879106	-0.492781976	0.492781976	11.82303284
225	-0.985269725	-0.492837834	0	12.31587156
226	-1.478216266	-0.492670055	0.492670055	11.82573013
227	-1.478213353	-0.492626611	0	12.3184446
228	-1.478345928	-0.985387201	0	12.3195494
229	-0.985675668	0	0.492538776	11.82810802
230	-0.98534011	-0.9851746	0	12.80942143
231	-1.477879834	-0.492523008	0	11.82303867
232	-1.478080801	-0.492563522	0	11.82464641
233	-0.492538776	-0.492629038	0.492629038	12.80600819
234	-1.9703492	-0.492587785	0	11.8220952
235	-1.477569025	-0.492630494	0.492630494	11.8205522
236	-1.477690567	-0.9854644	-0.4927322	12.31408806
237	-0.985258076	0	0.492637775	12.31572595
238	-1.477763356	-0.985220219	0	11.82210685
239	-0.985260988	0	0.492518157	12.31576235
240	-1.9709288	-0.985037284	-0.492518642	11.8255728
241	-0.98527555	-0.985167321	0.49258366	12.31594437
242	-0.985220219	-0.492567889	0	12.31525274
243	-1.47755447	-0.492537563	0	12.31295392
244	-1.477555925	-0.492688745	0.492688745	11.32792876
245	-1.477750981	-0.492576139	0	12.31459151
246	-0.985135779	0	0.492548238	12.31419724
247	-1.47761269	-0.985122677	0	11.82090152
248	-1.478066236	-0.492540232	0.492540232	12.31721863
249	-0.985152277	-0.985075612	-0.492537806	11.82182733
250	-0.985096475	0	0.492593366	12.31370594
251	-1.970245355	-0.492543628	0	11.82147213
252	-0.985080464	-0.985265357	0	12.80604603
253	-1.477613418	-0.49295129	0.49295129	11.32836954
254	-0.985186732	-0.492752595	0	12.80742752
255	-1.477630885	-0.492765707	0.492765707	11.82104708
256	-1.477898035	-0.985487708	-0.492743854	11.82318428
257	-1.478853869	-0.492891033	0	12.32378224
258	-0.98550519	-0.492836134	0.492836134	12.31881487
259	-1.47829712	0	0.492740455	12.31914267
260	-1.478231562	-0.985492564	0	11.8258525
261	-1.478673098	-0.492677822	0	11.82938478
262	-0.985672268	-0.985274579	0	12.32090335
263	-0.98548091	0	0.492672482	12.31851137
264	-1.478238846	-0.492663744	0	12.31865705
265	-1.478033467	-0.492828605	0	11.82426773
266	-1.477911868	-0.985645065	0	12.31593223
267	-0.985344964	-0.492747253	0	12.31681205
268	-1.477991233	-0.492706952	0	12.3165936
269	-0.985657209	-0.492661074	0.492661074	12.32071511
270	-1.971290131	-0.985371665	0	11.82774078
271	-0.985494506	-0.492659861	0	11.82593408
272	-1.478120855	-0.492656705	0	12.31767379
273	-0.985322149	-0.492640202	0.492640202	12.31652686
274	-1.478057497	-0.985284772	-0.492642386	11.82445998
275	-1.477979582	-0.492724431	0.492724431	12.31649652
276	-1.477970116	-0.49271035	0	11.82376093
277	-0.985280403	-0.985410505	0	12.31600504
278	-1.970569544	0	0.492667628	11.82341726
279	-0.985448862	-0.492721761	0	12.31811078
280	-1.478131051	-0.985641179	-0.49282059	12.31775876
281	-1.478115757	-0.49272346	0.49272346	11.82492606
282	-0.985335255	-0.49268025	0	12.31669069
283	-0.985443521	-0.985615921	0	12.31804401
284	-1.971282359	-0.49284585	0	11.82769415
285	-0.98544692	-0.493055073	0.493055073	12.3180865
286	-1.478040749	-0.492974862	0	12.31700624
287	-1.478423882	-0.986094587	0	12.32019902
288	-1.478537549	0	0	11.82830039
289	-0.986110146	-0.986043054	0	12.32637682
290	-1.478924585	-0.493101996	0	12.32437154
291	-1.479141881	-0.98615342	0	11.83313505
292	-0.98592445	-0.492928206	0.492928206	12.32405562
293	-1.47906458	-0.493034653	-0.493034653	11.83251664
294	-1.479305989	-0.493124367	0.493124367	12.3275499
295	-1.47923013	-0.986186486	0	11.83384104
296	-0.985856411	-0.493001353	0	12.32320514
297	-1.479103959	-0.49299552	0.49299552	12.32586632
298	-1.479373101	-0.986076598	-0.493038299	11.83498481
299	-1.479279729	-0.493161089	0	12.32733107
300	-1.479004058	-0.493136526	0.493136526	11.83203247
301	-0.985991039	-0.493094945	-0.493094945	12.81788351
302	-1.479114898	-0.493060178	0.493060178	11.33988088
303	-1.479483266	-0.493155008	0	12.32902722
304	-0.986273052	-0.986315854	0	12.32841315
305	-1.97237978	-0.493084004	0	11.83427868
306	-0.986120356	-0.986174329	0	12.32650445
307	-0.986310017	-0.493034653	0	12.32887521
308	-1.972631708	-0.492738027	0.492738027	11.83579025
309	-0.986168008	-0.492747496	-0.492747496	12.32710009
310	-1.479261493	-0.492696028	0.492696028	11.83409195
311	-1.479103959	-0.985509075	0	12.32586632
312	-0.985476054	-0.492715448	0	12.31845067
313	-1.478242488	-0.985553267	0	11.8259399
314	-1.478088083	0	0.492923589	12.31740069
315	-1.478263612	-0.985782065	-0.492891033	11.82610889
316	-0.985430897	-0.492865525	0	12.31788621
317	-1.971106535	-0.49285338	0.49285338	11.82663921
318	-0.492923589	-0.492791204	0	12.81601331
319	-1.971564131	-0.985296907	-0.492648453	12.32227582
320	-0.98573105	-0.492751866	0.492751866	11.33590708
321	-1.478560139	-0.98537215	0	12.32133449
322	-0.985582408	0	0	12.3197801
323	-1.970593814	-0.985477025	0.492738513	11.33091443
324	-0.985503733	-0.492765707	-0.492765707	12.31879666
325	-1.478058226	-0.492638017	0	12.31715188
326	-1.478116485	-0.985404193	0.492702097	12.31763738
327	-0.985477025	-0.492788533	0	11.8257243
328	-1.971062827	-0.492937925	0	12.31914267
329	-0.985276035	-0.492716177	0	11.82331242
330	-1.47810629	-0.985423614	0	12.31755241
331	-1.478365598	-0.49267321	0	11.82692478
332	-0.98587585	-0.985336712	0	12.81638605
333	-1.47814853	-0.492804318	0	11.82518824
334	-1.478135421	0	0.492859209	11.82508337
335	-1.478019631	-0.492957365	0	12.31683026
336	-1.478005068	-0.985790811	-0.492895406	11.82404054
337	-0.985608636	-0.492850465	0.492850465	12.32010794
338	-1.478577628	-0.985816564	0	12.32148023
339	-0.985914729	-0.493006214	0	12.32393412
340	-1.971581622	-0.493155008	0	11.82948974
341	-0.985700929	-0.985940975	0	12.32126162
342	-1.478724846	0	0.492998436	11.82979877
343	-1.479018642	-0.986029442	-0.493014721	12.32515535
344	-0.986310017	-0.492969758	0.492969758	12.32887521
345	-1.478911462	-0.492940598	0	11.8312917
346	-0.985996872	-0.985996872	0	12.81795934
347	-1.972058884	-0.492916543	0	11.8323533
348	-0.985939517	-0.493013749	0	12.32424396
349	-1.478821793	-0.49297632	0	11.83057434
350	-0.985996872	-0.985974999	0	12.32496091
351	-1.971666171	-0.493012047	0	11.82999703
352	-0.986027497	-0.986225876	0	12.32534372
353	-1.47892896	-0.493123637	0	12.324408
354	-1.478962498	-0.493000381	0	11.83169998
355	-0.986024094	-0.493013992	0.493013992	12.32530118
356	-1.972451753	-0.985806846	0	11.83471052
357	-0.986247275	-0.492898807	-0.492898807	11.8349673
358	-1.479001142	-0.986173843	0	12.32500951
359	-0.986027983	-0.493099808	0.493099808	12.81836379
360	-1.478710269	-0.492979722	0	11.82968215
361	-1.478696421	-0.493018367	0	11.82957137
362	-1.479260764	-0.985958958	-0.492979479	12.32717303
363	-0.986199616	-0.493076953	0	11.83439539
364	-1.478939167	-0.492919458	0.492919458	12.32449306
365	-1.479055101	-0.985577551	0	12.32545917
366	-1.478938438	-0.492679036	0	11.8315075
367	-1.479230859	-0.492727344	0	12.32692383
368	-0.492919458	-0.492707437	0	12.32298646
369	-1.971155102	-0.985479453	0	11.82693061
370	-1.478037108	-0.492825447	0	11.82429686
371	-0.985454689	-0.492827633	0.492827633	12.31818361
372	-1.478122312	-0.492808932	0	12.31768593
373	-1.47821918	-0.985602321	-0.492801161	11.82575344
374	-0.985650894	-0.492712292	0.492712292	12.32063618
375	-0.985655266	-0.492927234	0	12.32069083
376	-1.478426796	-0.492831519	0	11.82741437
377	-1.478403482	-0.985593093	0	11.82722786
378	-0.985424585	-0.492772748	0	12.8105196
379	-1.478781701	-0.985510531	0	11.83025361
380	-1.478494557	-0.492762793	0	12.32078798
381	-1.478389639	-0.492745554	0	11.82711712
382	-0.985545497	-0.492770806	0	12.31931871
383	-1.478265797	-0.492809418	0	11.82612638
384	-1.478288379	-0.985721819	0	12.31906982
385	-0.985491107	-0.492755994	0	12.31863884
386	-1.478312418	-0.492756965	0	11.82649934
387	-0.985618836	-0.985582893	0	12.32023544
388	-1.478582729	-0.492647483	0	11.82866183
389	-1.478267982	-0.492810632	0	12.31889985
390	-0.985513931	-0.985490622	0	12.31892413
391	-1.47837434	-0.492874756	0	11.82699472
392	-1.477942448	-0.49290075	0	12.31618707
393	-0.985621264	-0.49277542	0	11.82745517
394	-1.478235932	-0.985519758	0	12.31863277
395	-1.478624268	-0.49274701	0	12.3218689
396	-0.985801501	-0.985538212	0	11.82961801
397	-1.478326259	0	0.492746525	12.31938549
398	-1.478279637	-0.985302732	-0.492651366	11.8262371
399	-0.985494021	-0.492645784	0	12.31867526
400	-1.478307318	-0.492627339	0.492627339	11.82645855
401	-0.98549305	-0.985487222	0	12.31866312
402	-1.477954098	-0.985427013	-0.492713506	11.82363278
403	-1.477937351	0	0.493086921	12.31614459
404	-0.985254678	-0.493157927	0	12.31568348
405	-1.478230834	-0.986523594	0	12.31859028
406	-1.478140519	-0.986450608	-0.493225304	11.82512415
407	-0.986173843	-0.49300986	0	12.32717303
408	-0.493157927	-0.493163521	0.493163521	12.32894817
409	-2.466308986	-0.493188816	0	11.83828313
410	-1.479675912	-0.493101996	0	11.83740729
411	-0.986019719	-0.986079515	-0.493039758	11.83223663
412	-0.986327041	-0.49305799	0	12.82225154
413	-1.479566448	-0.492987742	0.492987742	11.83653158
414	-1.479305989	-0.492989201	0	12.3275499
415	-0.493039758	-0.985934656	0	11.83295419
416	-1.97223196	-0.986221986	-0.493110993	12.32644975
417	-1.478963227	-0.493105643	0.493105643	12.32469356
418	-0.985978401	-0.493112452	0	11.83174081
419	-1.478901984	-0.493089353	-0.493089353	11.83121587
420	-1.479332979	0	0.986319259	12.32777482
421	-1.47931693	-1.478608964	-0.985739309	12.32764109
422	-0.986224904	-0.492964169	0.492964169	11.83469884
423	-1.479268058	-0.98580879	0.492904395	12.32723382
424	-0.493159629	-0.985596979	-0.985596979	12.82215036
425	-2.464348274	0	0	10.8431324
426	-0.985928338	-0.985740767	0.492870383	12.32410422
427	-0.98580879	-0.492961739	-0.492961739	12.32260987
428	-1.971193957	-0.492937196	0.492937196	11.82716374
429	-0.985950696	-0.985814135	-0.492907067	12.32438369
430	-1.47861115	-0.492898564	0.492898564	11.8288892
431	-0.985923478	-0.49299236	0	12.32404347
432	-0.985874392	-0.985755342	-0.492877671	12.3234299
433	-1.971628269	0	0.492844878	11.82976962
434	-0.985797128	-0.985839889	-0.492919944	12.3224641
435	-0.98598472	-0.492900022	0	12.324809
436	-1.971510685	-0.985759229	0	11.82906411
437	-0.985689756	-0.492737541	0	12.32112195
438	-0.985839889	-0.492682434	0	11.83007867
439	-1.478700065	-0.985286228	0	12.32250054
440	-1.478638844	-0.492706466	0	11.82911075
441	-0.985475083	-0.492691658	0	12.31843853
442	-1.478047302	-0.492589969	0	12.31706085
443	-1.477929342	-0.986004164	-0.493002082	11.33079162
444	-1.478119399	-0.986061527	0	12.31766165
445	-0.985383317	-0.493041702	0	12.31729146
446	-0.985179938	-0.493077682	0.493077682	12.31474923
447	-1.972008328	-0.986079515	-0.493039758	11.83204997
448	-0.986061527	0	0.493013019	11.83273833
449	-1.479125107	-0.986191349	-0.493095674	12.32604256
450	-0.986155365	-0.492877671	0	12.32694206
451	-1.479119273	-0.985763116	0	11.83295419
452	-0.986026039	-0.492909983	0.492909983	12.32532549
453	-1.479287023	-0.492633406	-0.492633406	11.83429618
454	-1.478633014	-0.492640202	0	11.82906411
455	-1.478644674	-0.985299334	0	12.32203895
456	-0.985819966	-0.492752352	0	12.32274957
457	-1.477900219	-0.492777362	0	11.82320175
458	-0.985280403	-0.492808446	0.492808446	12.31600504
459	-1.477949001	-0.98522119	-0.492610595	11.82359201
460	-1.478257056	-0.492717876	0	12.3188088
461	-0.985554724	-0.492700397	0	11.82665669
462	-0.985616893	-0.985400309	0	12.32021116
463	-1.970442379	-0.492657676	-0.492657676	11.82265427
464	-0.985435752	-0.492609139	0.492609139	12.3179469
465	-1.478101192	-0.985391084	-0.492695542	12.31750993
466	-0.985400309	-0.492726616	0	11.82480371
467	-1.477973029	-0.492839534	0.492839534	11.82378423
468	-1.477827416	-0.985511017	-0.492755509	12.31522847
469	-1.478086627	-0.492608896	0.492608896	11.82469301
470	-0.985453232	-0.492709622	0	12.3181654
471	-0.985679069	-0.985265842	-0.492632921	12.32098836
472	-1.478266526	-0.492663259	0	11.8261322
473	-0.985217792	-0.492817432	0	12.3152224
474	-1.478128866	-0.985653809	0	12.31774055
475	-1.477898763	-0.492845364	0	11.8231901
476	-1.477989776	-0.985506161	0	11.82391821
477	-0.985634865	-0.492725159	0	12.32043581
478	-1.478480713	-0.49269797	0	11.82784571
479	-0.985690728	-0.985581436	-0.492790718	12.81397946
480	-1.478259241	0	0.492984826	11.33332085
481	-1.478175478	-0.98614175	0	12.31812898
482	-1.478093909	-0.493110507	0	12.31744924
483	-0.985581436	-0.493053128	0	11.82697724
484	-1.478954478	-0.98597354	-0.49298677	12.32462065
485	-0.98614175	-0.492997464	0	11.833701
486	-1.47933152	-0.985791297	0	12.32776266
487	-0.986106256	-0.492954206	0	12.3263282
488	-1.478960311	-0.492949589	0.492949589	11.83168249
489	-1.478992392	-0.985901607	-0.492950804	12.3249366
490	-1.478686946	-0.493110507	0	11.82949557
491	-0.985908411	-0.493103698	0	12.32385514
492	-0.985899177	-0.986267215	-0.493133608	12.32373971
493	-1.971803214	-0.493119017	0.493119017	11.33786848
494	-0.986221013	-0.492957608	0	12.32776266
495	-1.479311095	-0.985702387	-0.492851193	12.32759246
496	-0.986267215	-0.492788533	0	11.83520658
497	-1.479357052	-0.493007186	0	12.32797543
498	-0.985915215	-0.492915814	0.492915814	12.32394019
499	-1.47855358	-0.493077926	0	11.82842864
500	-1.478365598	-0.985833086	0	11.82692478
501	-1.479021558	-0.492949589	-0.492949589	12.32517965
502	-0.985831628	-0.985800529	0	12.32289535
503	-0.986155851	-0.492932579	0	12.32694814
504	-1.478749628	-0.985940003	-0.492970001	11.82999703
505	-0.985899177	-0.493152576	0	12.32373971
506	-1.971601058	-0.493021527	0	11.82960635
507	-0.985865158	-0.986134943	0	12.32331448
508	-1.478910004	-0.492916543	0	11.83128003
509	-1.479457729	-0.493091784	0	11.83566184
510	-0.986043054	-0.492966113	0	12.32553817
511	-1.479202414	-0.985877308	0	12.32668678
512	-1.478749628	-0.493029062	0	11.82999703
513	-0.986183568	-0.493084733	0	12.3272946
514	-0.985932226	-0.985987637	0	12.32415283
515	-1.478815961	-0.492978507	-0.492978507	11.83052769
516	-1.479087186	-0.492850708	0.492850708	12.32572655
517	-0.493084733	-0.985814135	0	11.8340336
518	-1.971975273	-0.492872813	-0.492872813	12.32484546
519	-1.478935521	-0.492888117	0	11.83148417
520	-0.985701415	-0.98559795	0	12.32126769
521	-1.478721202	-0.492879129	0	12.32267668
522	-1.478618438	-0.492909011	0	11.8289475
523	-0.985776235	-0.985761173	-0.492880586	12.32220293
524	-1.478396925	-0.492907553	0.492907553	11.8271754
525	-0.985758258	-0.492917758	0	12.32197822
526	-1.478727033	-0.985901607	-0.492950804	11.82981626
527	-1.478641759	-0.49304073	0.49304073	12.32201466
528	-0.985815106	-0.985941947	-0.492970973	11.82978128
529	-1.478753273	0	0	12.32294394
530	-1.478852411	-0.985678583	-0.492839292	11.83081928
531	-0.98608146	-0.985780122	0	12.32601825
532	-1.47891292	-0.492953477	0	11.83130336
533	-0.985464886	-0.492833462	0.492833462	12.31831107
534	-1.971357166	-0.985674697	-0.492837348	11.828143
535	-0.985780122	-0.492805532	0	12.32225152
536	-1.47886043	-0.985839889	0	11.83088344
537	-0.985666924	-0.492939383	0	12.81367002
538	-1.478512045	-0.492869898	0	11.82809636
539	-0.985611064	-0.492914356	0	11.82733277
540	-1.971679778	-0.492875485	0	11.83007867
541	-0.985878766	-0.985890429	-0.492945215	12.32348457
542	-0.985739795	-0.492899536	0	12.32174744
543	-1.478743068	-0.985840861	0	11.82994455
544	-0.98575097	-0.492941084	0	12.32188712
545	-1.478835644	-0.985902579	-0.49295129	12.32363036
546	-1.478698607	0	0.492935738	11.82958886
547	-1.478761291	-1.478900526	-0.492966842	11.83009033
548	-0.985882167	0	0.492859938	12.32352709
549	-1.478853869	-0.98560815	-0.492804075	11.83083095
550	-0.985871476	-0.492902451	0	12.32339345
551	-1.971867368	-0.985815106	-0.492907553	11.83120421
552	-0.985719876	-0.985824339	0	12.32149845
553	-1.478412225	0	0	11.8272978
554	-0.985804902	-0.985626121	0	12.32256128
555	-1.971630213	-0.492855566	0	11.82978128
556	-0.985824339	-0.985825797	-0.492912898	12.32280424
557	-0.985853495	-0.492958094	0	12.32316869
558	-1.478439182	-0.986136888	0	11.82751346
559	-1.478566697	-0.493002082	0	12.32138914
560	-1.478738695	-0.985855925	0	11.82990956
561	-0.985916187	0	0	11.83099425
562	-1.479205331	-0.985961875	-0.492980937	12.3267111
563	-1.479006246	-0.985805874	0	11.83204997
564	-1.478783888	0	0.492890547	12.32319906
565	-0.985783037	-0.985831628	-0.492915814	12.32228796
566	-1.478942812	-0.492877428	0.492877428	11.8315425
567	-1.478708811	-0.985874878	-0.492937439	11.82967049
568	-0.985781094	-0.985896747	-0.492948374	12.32226367
569	-1.478747442	-0.493043161	0	12.32289535
570	-0.985754857	-0.492987499	0.492987499	12.32193571
571	-1.971749755	-0.492962225	-0.492962225	11.83049853
572	-1.478845121	-0.986012428	0	11.83076096
573	-0.986086322	-0.492998922	0	12.32607903
574	-0.985974999	-0.986124732	-0.493062366	12.32468748
575	-1.971848899	-0.49298118	0.49298118	11.8310934
576	-1.479018642	-0.986069792	-0.493034896	11.83214913
577	-0.985997845	0	0.493128987	12.32497306
578	-1.479187098	-0.986030414	-0.493015207	11.83349678
579	-0.985962361	-0.492967814	0	12.81751069
580	-1.972139584	-0.985905981	0	11.33980261
581	-0.986257975	-0.493075494	0	12.82135367
582	-1.479045621	-0.986413632	-0.493206816	11.83236497
583	-1.478903442	-0.493243307	0	12.32419535
584	-1.478858972	-0.493250119	0.493250119	11.83087177
585	-0.986150989	-0.98627597	-0.493137985	12.32688736
586	-1.972827264	-0.985829198	0	11.83696358
587	-1.47972992	-0.492892733	0	12.33108266
588	-0.986500238	-0.492768135	0	12.33125297
589	-1.479413955	-0.985613978	-0.492806989	11.83531164
590	-1.478743797	-0.492799704	0	11.82995038
591	-1.4786782	-0.492846093	0	12.32231833
592	-0.98553627	-0.985579008	0	12.31920337
593	-1.478420968	-0.98554064	-0.49277032	11.82736774
594	-1.478399111	0	0.492827147	12.31999259
595	-0.985692185	-0.985499848	0	12.32115231
596	-1.971158016	-0.492813789	-0.492813789	11.8269481
597	-1.478310961	-0.985927852	0	11.82648769
598	-0.492827147	-0.985851551	-0.492925776	12.81350583
599	-1.478249772	-0.492987742	0	11.82599818
600	-1.478441368	-0.492994791	0	11.82753094
601	-1.478891778	-0.493071361	0	12.32409815
602	-1.478777327	-0.986099449	0	11.83021862
603	-1.478963227	-0.986076112	-0.493038056	11.83170582
604	-0.985989581	0	0.493047537	12.32486976
605	-1.479214084	-0.986114035	0	12.32678403
606	-0.986099449	-0.493031493	-0.493031493	12.32624311
607	-1.972152225	-0.986006108	0	11.33987529
608	-0.986095073	-0.98574514	-0.49287257	12.81923595
609	-0.986114035	0	0.493006214	11.83336842
610	-1.479094479	-0.986012428	0	12.32578732
611	-1.479009162	-0.493110507	0	11.8320733
612	-1.478617709	-0.986029928	-0.493014964	11.82894167
613	-0.986012428	-0.492959552	0	12.32515535
614	-1.479018642	-0.986071251	-0.493035625	12.32515535
615	-0.986221013	-0.493002082	0.493002082	11.83465216
616	-1.479044892	-0.98593417	-0.492967085	12.3253741
617	-1.478878655	-0.492967571	0	11.83102924
618	-1.479106876	-0.98597111	-0.492985555	11.83285501
619	-0.986004164	0	0.493036111	12.32505205
620	-1.478901255	-0.985885569	-0.492942785	12.32417713
621	-1.478902713	-0.986178219	0	11.83122171
622	-1.478956665	0	0.493032708	11.83165332
623	-0.986072223	-0.985503247	-0.492751624	12.8189389
624	-1.478828354	-0.492746282	0	11.83062683
625	-1.479267329	-0.985192556	-0.492596278	11.83413863
626	-0.986065417	-0.985540155	0	12.32581771
627	-1.478254871	-0.492771534	0	11.82603897
628	-0.985492564	-0.492705252	0	12.31865705
629	-1.970385112	-0.985428469	0	11.82231067
630	-0.985540155	-0.492642386	0	12.31925194
631	-1.478314603	-0.492661074	0	11.82651682
632	-0.985410505	-0.985365839	-0.49268292	12.31763131
633	-1.478142704	-0.492730743	0	12.31785587
634	-1.477927158	-0.985386715	0	12.31605965
635	-0.985322149	-0.985470713	-0.492735356	11.82386578
636	-1.478048759	-0.492647725	0	11.82439007
637	-1.47819223	-0.492697727	0	12.31826858
638	-1.478080073	-0.492766435	0	12.31733394
639	-1.478206069	-0.985557638	0	11.82564855
640	-1.477943176	-0.985781094	-0.492890547	11.82354541
641	-0.985395454	-0.492763278	0	12.31744317
642	-0.98553287	-0.492735113	0	12.31916088
643	-1.478336458	-0.492682434	0	12.31947048
644	-1.971562187	-0.985535298	0	11.33648258
645	-0.985526557	-0.492840749	0	12.31908196
646	-1.47820534	-0.985358557	0	12.31837784
647	-0.985364868	-0.492680978	0	12.31706085
648	-1.478302948	-0.985331372	-0.492665686	11.82642358
649	-1.478522247	-0.985284772	-0.492642386	12.32101872
650	-0.985358557	-0.492813546	0	12.31698197
651	-1.478042933	-0.492837348	0	11.82434347
652	-1.970662744	-0.492652337	0	11.82397646
653	-1.477927158	-0.985464886	0	12.31605965
654	-0.985627093	-0.985533356	0	11.82752512
655	-1.478512045	-0.492927477	-0.492927477	12.32093371
656	-0.985304673	-0.492849979	0	12.31630842
657	-1.970929771	-0.492759393	0.492759393	11.82557863
658	-0.985533356	-0.985948265	-0.492974133	12.31916695
659	-1.47878243	-0.492753566	0	11.83025944
660	-1.478549937	-0.98556978	0	12.32124947
661	-0.985518787	-0.492769835	0	12.31898484
662	-1.478922398	-0.985607664	-0.492803832	11.83137918
663	-1.478260698	-0.492720547	0	12.31883915
664	-0.98556978	-0.985481395	0	12.31962225
665	-1.971079338	-0.985453718	-0.492726859	11.82647603
666	-1.478411496	-0.49278149	0	11.82729197
667	-0.985441093	-0.492677094	0	12.81073421
668	-1.478222093	-0.985388171	0	11.33303605
669	-1.478180577	-0.492711564	0	12.31817147
670	-1.478344471	-0.985490136	0	12.31953726
671	-1.478031282	-0.492747739	0	12.31692735
672	-0.985388171	-0.985375063	-0.492687532	11.82465806
673	-1.478134693	-0.492728073	0	12.3177891
674	-1.478235204	-0.985511017	0	11.82588163
675	-1.478243216	-0.4929163	-0.4929163	12.31869347
676	-1.478062595	-0.492882773	0.492882773	11.82450076
677	-1.478184218	-0.985542583	-0.492771292	12.31820182
678	-1.478266526	-0.492822776	0	12.31888771
679	-1.4787489	-0.492725645	0	11.8299912
680	-0.985765546	-0.985382346	-0.492691173	12.32206932
681	-1.478313875	-0.985713561	0	11.826511
682	-1.478468327	-0.493030764	0.493030764	12.32056939
683	-0.98545129	-0.493107589	-0.493107589	12.31814112
684	-1.970764691	-0.986278402	0	11.82458815
685	-1.478570341	-0.492945215	0	11.82856273
686	-0.986061527	-0.493169601	0	12.81879985
687	-1.479322766	-1.479276811	-0.49309227	11.83458213
688	-1.479417603	-0.493062366	0	12.32848002
689	-0.985890429	-0.493102726	0	13.30952079
690	-1.479508803	-0.493034167	0.493034167	10.84973122
691	-1.972369082	-0.986317799	-0.4931589	11.83421449
692	-1.479187098	-0.493066013	0	12.32655915
693	-0.986205451	-0.986137374	-0.493068687	11.83446542
694	-1.4791025	-0.986187458	0	12.81888834
695	-1.479476699	-0.49304389	0	11.83581359
696	-1.479198038	-0.493081816	0	12.32665032
697	-1.479206061	-0.986090698	0	11.83364849
698	-1.479281188	0	0	11.8342495
699	-1.479131671	-0.985554724	0	12.32609726
700	-0.986163631	-0.98574854	-0.49287427	12.32704539
701	-1.479136047	-0.492852408	0	12.32613372
702	-0.98606493	-0.985623693	0	12.32581163
703	-1.478332087	-0.492817918	0	11.82665669
704	-1.478622811	-0.492772263	0	12.32185676
705	-1.478557224	-0.986070278	-0.493035139	11.82845779
706	-1.478435539	-0.493077196	0.493077196	12.81310801
707	-1.478453754	-0.986006594	-0.493003297	11.33481212
708	-0.985544526	-0.493015207	0	12.81207883
709	-1.972140556	-0.493063095	0	11.3398082
710	-0.986154392	-0.986191835	0	12.8200071
711	-1.479009892	-0.986104311	-0.493052156	11.83207913
712	-1.479045621	-0.493148199	0.493148199	11.83236497
713	-0.986126191	-0.986581018	-0.493290509	12.81964048
714	-1.97238367	-0.493252795	0	11.83430202
715	-1.479156467	-0.493049238	0	11.83325173
716	-0.986296398	-0.493138958	0	12.32870497
717	-1.479871527	-0.986058124	-0.493029062	12.33226273
718	-1.479758385	-0.492994304	0	11.83806708
719	-1.479147715	-0.98573688	0	12.32623096
720	-0.986277915	-0.985637293	0	12.32847394
721	-1.972116248	0	0	11.83269749
722	-0.985988609	-0.985767975	0	12.32485761
723	-1.47860532	-0.492859452	0	12.321711
724	-1.47845594	-0.492848764	0	11.82764752
725	-0.985592122	-0.985549382	0	12.81269758
726	-1.478651962	-0.985474597	-0.492737299	11.8292157
727	-1.478578357	-0.492869169	0	12.32148631
728	-0.985697529	-0.492831276	0	11.82837035
729	-1.478324073	-0.985605721	0	12.31936728
730	-1.478211896	-0.493008401	0	12.31843246
731	-1.478607507	-0.986298343	-0.493149172	11.82886005
732	-1.478493829	-0.493143821	0	12.32078191
733	-1.478408582	-0.493063095	0	12.32007152
734	-0.986016803	-0.986155365	0	11.83220163
735	-1.972596687	-0.493099322	0	12.32872929
736	-1.479431464	-0.986233657	-0.493116829	11.83545171
737	-0.986126191	-0.493098349	0	12.81964048
738	-1.479233047	-0.986197671	0	11.83386438
739	-0.986198643	-0.986088753	-0.493044376	12.32748304
740	-1.479350486	-0.493120719	0	11.83480389
741	-1.479295047	0	0.493014235	12.32745872
742	-1.479296506	-0.985582893	-0.492791447	11.83437205
743	-1.479133129	-0.985861271	0	12.32610941
744	-1.479362158	-0.492990902	0	12.32801799
745	-0.98602847	-0.986123273	0	12.32535587
746	-1.47837434	-0.493040973	0	11.82699472
747	-1.478791906	-0.492994304	0	12.32326588
748	-0.985981804	-0.985710646	-0.492855323	12.32477255
749	-1.47918491	-0.985704816	0	11.83347928
750	-1.47912292	0	0	12.32602433
751	-1.478982913	-0.985721819	-0.49286091	12.32485761
752	-1.478565968	-0.492823261	0.492823261	11.82852775
753	-1.478557224	-0.492830305	0	12.3213102
754	-0.985743196	-0.985728621	0	12.32178995
755	-1.478582729	-0.492831276	-0.492831276	11.82866183
756	-0.985646523	-0.985812677	0	12.32058153
757	-1.478490914	-0.985792269	0	12.32075762
758	-1.478592932	-0.493005485	0	12.32160776
759	-0.492831276	-0.986142722	-0.493071361	12.32078191
760	-1.971625354	-0.493060178	0	12.8155648
761	-1.971584538	-0.492927963	0	10.84371496
762	-0.986010969	-0.492971459	0	12.32513712
763	-1.479214084	-0.986035275	0	12.32678403
764	-1.479180534	-0.492936224	0	12.32650445
765	-1.478783888	-0.492933065	0	11.8302711
766	-0.985942919	-0.985840861	0	12.32428649
767	-1.479052913	-0.985639236	-0.492819618	12.32544094
768	-1.478808672	-0.492778819	0	11.83046937
769	-0.98586613	-0.985586293	-0.492793147	12.81625969
770	-1.478761291	-0.492863825	0.492863825	11.83009033
771	-1.971278473	-0.492740698	0	11.82767084
772	-1.478336458	-0.985244001	-0.492622	12.31947048
773	-0.985586293	-0.985714046	0	12.31982867
774	-1.478591474	-0.493004269	-0.493004269	12.32159562
775	-0.985481395	-0.492941084	0.492941084	12.31851744
776	-0.492622	-0.985664496	0	11.82292801
777	-2.957142139	-0.492871355	0	11.82856856
778	-0.986008539	-0.492856294	-0.492856294	12.32510674
779	-1.478823251	-0.985863214	0	12.32352709
780	-1.478496743	-0.492760122	0	12.32080619
781	-0.98574271	-0.492885688	0	12.32178388
782	-1.478568883	-0.985824825	0	12.32140736
783	-1.971726429	-0.985610093	-0.492805046	11.83035857
784	-0.985520244	-0.492819861	0.492819861	12.31900305
785	-1.478657064	-0.492833219	-0.492833219	12.3221422
786	-1.478737237	-0.98561155	0	12.32281031
787	-1.478415139	-0.493161332	0	11.82732111
788	-0.985639722	-0.493122665	0	12.81331639
789	-1.478499658	-0.985960417	-0.492980208	11.82799726
790	-1.478417325	-0.493147226	0	12.32014437
791	-1.479483995	-0.986466177	0	12.3290333
792	-0.98624533	-0.493060664	0.493060664	11.83494395
793	-1.971920833	-0.98557658	-0.98557658	12.32450521
794	-0.986294452	-0.492758908	0	12.32868065
795	-1.972932355	-0.492806261	0.492806261	11.83759413
796	-0.986121328	-0.985735423	0	12.81957727
797	-1.478364869	-0.985632922	-0.492816461	11.33413066
798	-1.478276724	0	0.492775662	12.3189727
799	-0.985612521	-0.985581922	-0.492790961	12.81296278
800	-1.478603134	-0.492789747	0	11.82882507
801	-1.971265843	-0.985600864	0	12.32041152
802	-0.985551325	-0.492801403	0	12.31939156
803	-1.478372883	-0.492805775	0	12.31977403
804	-0.985579494	-0.985566866	-0.492783433	11.82695392
805	-1.478401296	-0.492969515	0.492969515	13.30561167
806	-1.478404211	-0.985648951	-0.492824476	11.33443228
807	-1.478417325	-0.985661581	0	12.32014437
808	-1.971133732	-0.493049238	0	11.82680239
809	-0.985939031	-0.493064311	-0.493064311	12.32423788
810	-1.478473427	-0.493075737	0.493075737	12.32061189
811	-1.478492371	-0.986120356	-0.493060178	12.32076976
812	-1.479147715	-0.492854351	0.492854351	12.32623096
813	-1.479192933	-0.492833705	-0.492833705	11.83354346
814	-0.986151475	-0.985501305	0	12.32689344
815	-1.479180534	-0.985565895	0	12.32650445
816	-1.478563054	-0.492857995	0	12.32135878
817	-0.98566741	-0.985577065	-0.492788533	12.32084263
818	-1.478251957	-0.492793632	0	12.31876631
819	-1.971131789	-0.985543069	0	11.82679074
820	-0.98571599	-0.492779791	0	12.81430786
821	-1.97115413	-0.492865525	0	11.82692478
822	-0.985587265	-0.492888846	0	12.31984081
823	-1.478314603	-0.985912299	-0.49295615	11.82651682
824	-1.478339372	-0.49299552	0.49299552	12.31949476
825	-0.98573105	-0.985697043	-0.492848522	12.81450365
826	-1.478666539	-0.492789261	0	11.82933231
827	-1.478868449	-0.492840263	0	12.32390374
828	-1.478986559	-0.492840749	0	12.32488799
829	-1.478545565	-0.985759229	-0.492879615	11.82836452
830	-1.478367783	-0.492897349	0.492897349	12.81252079
831	-1.478520789	-0.985692671	-0.492846335	11.82816631
832	-0.985681498	-0.492871112	0	12.81385947
833	-1.971518459	-0.98592688	0	11.82911075
834	-0.985794698	-0.49286674	0	12.32243373
835	-1.478539006	-0.492950075	0	12.32115839
836	-1.478613337	-0.985666924	-0.492833462	12.32177781
837	-1.47889032	-0.492820833	0	11.83112256
838	-0.985733479	-0.985296422	0	12.81453523
839	-1.478850224	-0.492752595	0	12.32375186
840	-1.478500387	-0.492810632	0	11.82800309
841	-1.478462498	-0.985798586	0	12.32052081
842	-1.477944632	-0.985937572	-0.492968786	12.31620527
843	-0.98550519	-0.492949832	0	11.82606228
844	-1.478431896	-0.493075494	0	12.81307643
845	-1.971597171	-0.492967814	0	11.82958303
846	-1.478906359	-0.986030414	-0.493015207	12.32421966
847	-0.985899663	-0.4930806	0.4930806	12.32374579
848	-1.479226483	-0.986147585	-0.493073792	12.32688736
849	-1.478903442	-0.493111479	0	12.32419535
850	-1.479045621	-0.493093243	0	11.83236497
851	-0.9861612	-0.493101996	0	12.8200956
852	-1.97229517	-0.986101394	0	11.83377102
853	-0.986222958	-0.4930541	0	12.32778698
854	-1.479279729	-0.985879737	-0.492939869	12.32733107
855	-1.479305989	-0.49295615	0.49295615	12.3275499
856	-1.479152091	-0.986001247	-0.493000624	11.83321673
857	-1.479162301	-0.493066742	0	12.81940661
858	-1.478819606	0	0	11.83055685
859	-0.985912299	-0.986251652	0	12.32390374
860	-1.972002495	-1.479338814	-0.493112938	12.32501559
861	-0.986133484	0	0	12.32666855
862	-1.479159384	-0.986364984	0	12.3263282
863	-1.479377478	-0.493158657	0	12.32814565
864	-1.479338814	-0.986289102	0	11.83471052
865	-1.479826998	-0.492991388	-0.492991388	12.33189165
866	-1.479547475	-0.985951668	0.985951668	12.3295623
867	-1.47947597	0	-0.493016179	12.32896641
868	-1.479433653	-0.986414118	-0.493207059	12.32861378
869	-1.478974164	-0.493216546	0	12.3247847
870	-0.985951668	-0.986515322	-0.493257661	11.83142001
871	-1.479048538	-0.493079384	0.493079384	12.81842066
872	-1.479621178	-0.986326555	-0.493163277	12.33017648
873	-0.986433092	-0.493123151	0.493123151	12.33041366
874	-1.973030644	-0.986255056	-0.493127528	11.83818386
875	-0.986158769	-0.493116586	-0.493116586	12.32698461
876	-1.479489832	-0.493001839	0.493001839	12.32908194
877	-1.479369453	-0.986217123	0	12.32807878
878	-1.479382585	-0.493185411	0	12.32818821
879	-1.479349757	-0.493035382	0	11.83479805
880	-1.479005517	-0.986202047	-0.493101024	12.81804781
881	-0.986217123	-0.493068444	0	12.32771403
882	-1.479556232	-0.986200588	-0.493100294	12.32963526
883	-1.479106147	-0.493111236	0	12.32588455
884	-1.479303071	-0.493040244	0.493040244	12.32752559
885	-1.479205331	-0.985896747	-0.492948374	12.3267111
886	-1.479300882	-0.493056775	0	11.83440706
887	-1.479333708	-0.986050346	-0.493025173	12.3277809
888	-0.986080488	-0.492907067	0	12.3260061
889	-1.478845121	-0.986335797	0	12.32370934
890	-1.479170324	-0.493115613	0	12.32641936
891	-1.479075519	-0.493081086	0.493081086	11.83260415
892	-1.478721202	-0.986100422	-0.493050211	12.32267668
893	-1.479503696	-0.493016665	0	12.32919746
894	-1.479346839	-0.492900265	-0.492900265	12.32789032
895	-0.986162172	-0.985980832	0	12.82010824
896	-1.972200843	-0.493177627	0	11.83320506
897	-0.986033331	-0.986245816	0	12.8184333
898	-1.478700794	-0.493087408	0	11.82960635
899	-1.478971247	-0.986092156	-0.493046078	12.32476039
900	-1.972710509	-0.493033194	0	12.32944068
901	-0.986245816	-0.492913627	0.492913627	12.3280727
902	-1.479262223	-0.493053371	-0.493053371	12.32718519
903	-1.479138234	-0.986083405	0	12.32615195
904	-1.479099583	-0.985914729	-0.492957365	11.83279667
905	-0.985827254	-0.493029305	0	12.81575431
906	-1.479160113	-0.492974862	0	12.32633428
907	-1.479125107	-0.493033438	0	12.32604256
908	-0.985914729	-0.986106256	0	11.83097675
909	-1.972117221	-0.986035275	-0.493017638	12.81876193
910	-1.478924585	-0.493066742	0	11.83139668
911	-1.479100313	-0.493045349	0	12.32583594
912	-1.479159384	-0.493012776	0.493012776	12.3263282
913	-1.479052913	-0.986106742	-0.493053371	12.32544094
914	-1.479200226	-0.986033817	-0.493016909	12.32666855
915	-1.479136047	-0.493062366	0	12.32613372
916	-0.986025553	-0.493035139	0	12.81833219
917	-1.972213484	-0.493104185	0	11.83328091
918	-1.479050726	-0.985835029	0	12.32542271
919	-0.986124732	-0.492948131	0	12.32655915
920	-1.479105417	-0.986204479	-0.493102239	12.32587848
921	-1.479312554	-0.493087408	0	12.32760461
922	-1.478752544	-0.492961496	0	12.32293787
923	-0.985896261	-0.493030034	0	12.81665139
924	-1.972408957	-0.985922992	0	11.83445374
925	-1.479262223	-0.493103698	0	12.32718519
926	-0.985922992	-0.493062366	0	12.32403739
927	-1.479090103	-0.985945349	0	12.32575086
928	-1.478884487	-0.986086322	-0.493043161	12.32403739
929	-1.479311095	0	0	12.32759246
930	-0.986124732	-0.986156337	0	12.32655915
931	-1.478918024	-0.493081086	0	12.81728954
932	-1.972172644	-0.985826283	-0.492913141	11.83303586
933	-0.986152447	-0.492861396	0	12.81998182
934	-1.479234506	-0.985756314	0	11.83387605
935	-1.479243259	-0.493060664	0	12.32702716
936	-1.478739424	-0.493095431	0	12.32282853
937	-1.478584187	-0.985906953	-0.492953477	12.32153489
938	-1.478634471	-0.98570433	0	12.32195393
939	-1.479181993	-0.493013263	0	12.32651661
940	-0.986190862	-0.492937682	0	12.82048121
941	-1.971813906	-0.985836487	-0.492918244	11.83088344
942	-1.478556495	-0.985835029	0	12.32130413
943	-1.479039788	0	0	12.32533156
944	-0.985875364	-0.985825311	0	12.32344205
945	-1.971672974	-0.492797032	0	12.32295609
946	-1.478752544	-0.492996735	0	12.32293787
947	-0.985840861	-0.986039651	-0.493019825	12.32301076
948	-1.478737966	-0.986115008	0	12.32281638
949	-1.478391097	-0.493103698	0.986207396	12.3199258
950	-0.98599347	-0.493029791	-0.986059583	12.81791511
951	-1.972079301	-0.492962468	0	11.83247581
952	-1.479172511	-0.986241925	-0.493120963	12.3264376
953	-1.479311095	-0.492981667	0	12.32759246
954	-0.986059583	-0.985947293	0	12.32574478
955	-1.478887403	-0.492900993	0	12.3240617
956	-1.97248385	-0.985845234	0	12.32802406
957	-0.985963333	-0.49290974	-0.49290974	12.32454166
958	-1.47892094	-0.985854467	0	12.32434117
959	-1.47870298	-0.492928448	0	12.32252484
960	-1.478767851	-0.985718905	0	12.32306543
961	-1.47872922	-0.492893705	0	12.3227435
962	-1.478781701	-0.492856052	0	12.32318084
963	-1.478785345	-0.492857266	-0.492857266	12.32321121
964	-1.478578357	-0.98576263	0	12.32148631
965	-0.98578741	-0.492924804	0	12.81523633
966	-1.478568155	-0.49292772	0	12.32140129
967	-1.478571798	-0.985767489	0	12.32143165
968	-1.478643946	-0.985989581	-0.492994791	12.32203288
969	-1.478774411	-0.492938168	0	12.3231201
970	-1.478783159	-0.985824339	-0.492912169	12.32319299
971	-1.478651233	-0.492884959	0.492884959	12.32209361
972	-1.478984372	-0.492966842	-0.492966842	12.32486976
973	-1.478814503	-0.98587099	0	12.3234542
974	-1.478736508	-0.985802473	-0.492901236	11.82989207
975	-0.985769918	0	0.492936224	12.81500894
976	-1.971867368	-0.986103825	-0.493051912	12.32417105
977	-1.478806485	-0.493036355	0	11.83045188
978	-1.478703709	-0.986247275	0	12.81543215
979	-0.985872448	-0.986089725	-0.493044863	12.3234056
980	-1.479155737	-0.492923589	0	12.32629781
981	-1.479109064	-0.985748055	0	12.32590886
982	-1.479370912	0	0	12.32809094
983	-1.479134588	-0.985911327	0	12.32612157
984	-1.478770767	-0.985823853	-0.492911926	12.32308972
985	-1.971496109	-0.492767406	0	12.32185068
986	-0.985812677	-0.49284172	0	12.32265846
987	-1.478866991	-0.98564458	0	12.32389159
988	-1.478735779	-0.49289662	0	12.32279816
989	-0.985534813	-0.985868074	-0.492934037	12.31918516

