0 0.49334356199
1 0.0
2 0.0
3 0.0
4 0.0
5 0.0
6 0.0
7 0.0
8 0.0
9 0.0
10 0.0
11 0.0
12 0.0
13 0.493628977601
14 0.0
15 -0.493553938783
16 0.0
17 0.0
18 0.0
19 0.0
20 -0.493656757495
21 0.493562221168
22 0.0
23 -0.493566606073
24 1.48020375498
25 -0.986580531609
26 0.0
27 -0.493262527142
28 0.0
29 0.0
30 0.0
31 0.0
32 0.0
33 -0.49331046346
34 0.493278342664
35 -0.493412937287
36 0.49340368612
37 -0.493297565971
38 0.493336260462
39 -0.493343075215
40 0.0
41 0.0
42 0.0
43 0.0
44 0.0
45 0.0
46 -0.493449214947
47 0.0
48 0.0
49 0.0
50 0.0
51 -0.493160115774
52 0.0
53 0.493154035677
54 -0.493148442119
55 0.0
56 0.0
57 0.0
58 0.0
59 0.0
60 0.0
61 0.0
62 0.0
63 0.0
64 0.0
65 -0.493310706816
66 0.493284425827
67 0.0
68 -0.493313870457
69 0.0
70 -0.493166682448
71 0.0
72 0.493372283431
73 0.0
74 -0.49361484517
75 0.0
76 0.0
77 0.0
78 0.0
79 -0.493050210754
80 0.493070874994
81 -0.493007429129
82 0.0
83 0.0
84 0.0
85 0.0
86 0.0
87 0.0
88 0.0
89 -0.493025172879
90 0.0
91 0.0
92 0.0
93 0.0
94 0.0
95 -0.493194167091
96 0.493077682417
97 0.0
98 -0.493192707653
99 0.0
100 0.0
101 0.0
102 -0.493081329328
103 0.493275179478
104 -0.49333017602
105 0.0
106 0.0
107 0.0
108 0.0
109 0.0
110 0.0
111 0.0
112 -0.493512043915
113 0.0
114 0.0
115 0.493392487803
116 -0.493371066352
117 0.0
118 0.0
119 0.0
120 -0.493509364834
121 0.0
122 0.0
123 0.0
124 0.0
125 0.0
126 0.0
127 0.0
128 0.0
129 -0.493313140382
130 0.493388836288
131 -0.493265446854
132 0.493255228012
133 -0.493420971477
134 0.0
135 0.0
136 -0.493557592742
137 0.0
138 0.493456519819
139 0.0
140 -0.493607048314
141 0.493490612081
142 -0.493486472055
143 0.0
144 0.0
145 0.0
146 0.0
147 -0.493617281738
148 0.493664799626
149 -0.493520812019
150 0.0
151 0.0
152 0.0
153 0.0
154 0.0
155 0.0
156 0.0
157 -0.493195869781
158 0.493243549854
159 0.0
160 -0.49330875998
161 0.493355488284
162 -0.493030763641
163 0.0
164 0.0
165 0.0
166 0.0
167 -0.493272502968
168 0.493263257067
169 0.0
170 -0.493302919564
171 0.0
172 0.0
173 0.0
174 0.0
175 -0.493541272142
176 0.493510095489
177 0.0
178 0.0
179 -0.493540541394
180 0.0
181 0.0
182 0.0
183 0.0
184 0.0
185 -0.493575376117
186 0.493609972106
187 -0.493585851855
188 0.0
189 0.0
190 0.0
191 0.0
192 0.0
193 -0.493514966582
194 0.493585608228
195 -0.493474782945
196 0.0
197 0.0
198 0.0
199 -0.493457006818
200 0.493646522433
201 -0.493518132843
202 0.0
203 0.0
204 0.0
205 -0.493234791598
206 0.493287345798
207 -0.493292699169
208 0.493333583289
209 -0.493230655864
210 0.0
211 0.0
212 0.0
213 0.0
214 0.0
215 -0.493454815329
216 0.493506442233
217 -0.49354882333
218 0.0
219 0.0
220 0.0
221 -0.493205113156
222 0.49336595469
223 -0.49334356199
224 0.493332853156
225 -0.493258634246
226 0.0
227 0.0
228 0.0
229 -0.493270313118
230 0.493307786567
231 0.0
232 -0.493442640747
233 0.0
234 0.0
235 0.493341858281
236 -0.493173249297
237 0.0
238 0.0
239 0.0
240 0.0
241 -0.493191977937
242 0.0
243 -0.493070631875
244 0.0
245 0.493216546231
246 0.0
247 0.0
248 -0.493203167153
249 0.0
250 0.0
251 0.0
252 -0.493220195197
253 0.493239657258
254 -0.49315038769
255 0.0
256 0.0
257 -0.493253524913
258 0.493150144493
259 0.0
260 -0.493114640278
261 0.0
262 0.0
263 0.0
264 0.0
265 0.0
266 0.0
267 -0.493499866508
268 0.0
269 -0.493546387438
270 0.0
271 0.0
272 0.49356514443
273 -0.493605830077
274 0.0
275 0.0
276 0.0
277 -0.493488420294
278 0.0
279 0.0
280 0.0
281 -0.493585364602
282 0.0
283 0.0
284 0.0
285 0.0
286 -0.493564170005
287 0.0
288 0.0
289 0.0
290 0.0
291 0.0
292 -0.493527631872
293 0.0
294 0.0
295 0.0
296 0.0
297 -0.493200491425
298 0.493139930428
299 0.0
300 0.0
301 -0.493165466384
302 0.0
303 0.0
304 -0.493143335069
305 0.0
306 0.493138714496
307 -0.493331149521
308 0.0
309 -0.49330097279
310 0.0
311 0.0
312 0.0
313 0.0
314 0.0
315 0.0
316 -0.493370336109
317 0.0
318 0.0
319 0.0
320 -0.493138957682
321 0.49305142625
322 0.0
323 -0.493289049131
324 0.0
325 -0.493209005207
326 0.493243549854
327 0.0
328 -0.493160115774
329 0.0
330 0.0
331 0.0
332 -0.493142848689
333 0.493148928511
334 -0.493244036433
335 0.0
336 -0.493147226145
337 0.493173978957
338 -0.49311755824
339 0.0
340 0.0
341 0.0
342 0.0
343 0.0
344 -0.493089109585
345 0.0
346 0.0
347 -0.493117315075
348 0.0
349 0.0
350 0.0
351 0.0
352 0.0
353 0.0
354 -0.493163277484
355 0.0
356 0.0
357 0.0
358 -0.493530554723
359 0.493356948686
360 0.0
361 -0.493455545824
362 0.0
363 0.0
364 -0.493442397262
365 0.493426084279
366 -0.493466259985
367 0.493459928833
368 -0.493390783756
369 0.0
370 0.0
371 0.0
372 0.0
373 -0.493251091935
374 0.0
375 -0.493508147079
376 0.493509608385
377 -0.493492803888
378 0.0
379 0.0
380 -0.493465529459
381 0.0
382 0.493294889218
383 -0.493335286941
384 -0.493367901978
385 0.493459685331
386 0.0
387 -0.493413180744
388 0.0
389 0.0
390 0.0
391 0.0
392 -0.493361816756
393 0.0
394 0.0
395 0.0
396 0.0
397 -0.493357435489
398 0.0
399 0.0
400 0.0
401 -0.493429492873
402 0.0
403 0.0
404 0.0
405 0.0
406 -0.493358895902
407 0.493349403368
408 -0.493425110404
409 0.0
410 0.0
411 0.0
412 -0.493395165615
413 0.0
414 0.0
415 0.0
416 0.0
417 0.0
418 -0.493564657217
419 0.0
420 0.0
421 -0.493459198326
422 0.493284182497
423 -0.493364981052
424 0.0
425 0.0
426 -0.493750598673
427 0.0
428 0.0
429 0.0
430 0.0
431 0.0
432 -0.493795216211
433 0.0
434 0.0
435 0.0
436 0.0
437 -0.493625078918
438 0.493378368911
439 -0.493355975084
440 0.0
441 0.0
442 0.0
443 -0.493478435733
444 -0.493355731684
445 0.49342778857
446 -0.493396382812
447 0.0
448 -0.493473808878
449 0.493436553681
450 -0.493535182643
451 0.0
452 -0.493592429872
453 0.0
454 -0.493579761255
455 0.493637749861
456 -0.49364116138
457 0.493620936636
458 -0.49354395157
459 0.0
460 -0.493612895933
461 0.0
462 0.0
463 0.0
464 0.0
465 0.0
466 0.0
467 -0.493390296888
468 0.493375691281
469 -0.493345995881
470 0.0
471 0.0
472 0.0
473 -0.493516427928
474 0.0
475 0.0
476 0.0
477 0.0
478 -0.493494995714
479 0.0
480 0.0
481 0.0
482 0.0
483 0.0
484 -0.493385184827
485 0.493342831827
486 -0.493365467871
487 0.0
488 0.0
489 0.0
490 0.0
491 -0.493455545824
492 0.49345822432
493 -0.493386888835
494 0.0
495 0.0
496 -0.493310950171
497 0.0
498 0.0
499 0.0
500 0.0
501 -0.493418049923
502 0.493564900823
503 0.0
504 -0.493388349424
505 0.0
506 -0.493345265711
507 0.0
508 0.493322388154
509 -0.493554182378
510 0.0
511 0.0
512 -0.493500110051
513 0.0
514 0.0
515 0.0
516 0.0
517 0.0
518 0.0
519 0.0
520 -0.493523491225
521 0.0
522 0.0
523 0.0
524 0.0
525 -0.493482575624
526 0.0
527 0.0
528 0.0
529 -0.49339273124
530 0.493307786567
531 0.0
532 -0.493543220814
533 0.0
534 0.0
535 0.0
536 0.0
537 -0.493408555112
538 0.0
539 0.0
540 0.0
541 0.0
542 0.0
543 -0.493388105992
544 0.0
545 0.0
546 0.0
547 0.0
548 -0.493397600015
549 0.0
550 0.0
551 0.0
552 0.0
553 -0.493423162665
554 0.0
555 0.493428032041
556 -0.493400764771
557 0.0
558 0.0
559 -0.493451162892
560 0.493351107129
561 -0.493420484549
562 0.0
563 -0.493386888835
564 0.493432171087
565 0.0
566 -0.493396139373
567 0.0
568 -0.493605586431
569 0.493562708376
570 -0.49351618437
571 0.0
572 0.0
573 0.0
574 -0.493421701871
575 0.0
576 0.0
577 0.0
578 -0.493372283431
579 0.0
580 0.0
581 0.0
582 0.0
583 -0.493262527142
584 0.0
585 0.0
586 0.0
587 0.0
588 -0.493125582813
589 0.0
590 0.493426571218
591 -0.493431684137
592 -0.493424623468
593 0.0
594 0.493161331812
595 0.0
596 -0.493268853229
597 0.0
598 0.0
599 -0.493296349262
600 0.493286129139
601 -0.493388349424
602 0.0
603 0.0
604 0.0
605 -0.493239900543
606 0.0
607 0.0
608 0.0
609 -0.493195626538
610 0.493266663411
611 -0.493194896814
612 0.0
613 0.0
614 0.0
615 -0.493147226145
616 0.493295619239
617 -0.493378855756
618 0.0
619 0.0
620 -0.493178113742
621 0.0
622 0.0
623 -0.493147955729
624 0.493154035677
625 -0.493114153954
626 0.49309397237
627 -0.493136525833
628 0.0
629 0.0
630 -0.493322388154
631 -0.493319467767
632 0.493236251286
633 0.0
634 0.0
635 -0.493501327765
636 -0.493600469908
