0 -2.46670320676
1 -1.97337424796
2 -1.97333822721
3 -2.46672389466
4 -1.97373160606
5 -2.46700260663
6 -1.97455294887
7 -1.9745597719
8 -1.97444671067
9 -1.97485710675
10 -2.46861160346
11 -1.48090813236
12 -2.46887489421
13 -2.46829719088
14 -1.9745159104
15 -1.97446620306
16 -2.46776969391
17 -1.97436289777
18 -2.4677611681
19 -1.97451493572
20 -2.46828135051
21 -2.46828378747
22 -1.97424888467
23 -1.97425668002
24 -2.46783303037
25 -0.986802503321
26 -2.95974159483
27 -2.46673241331
28 -2.46631263571
29 -1.97340345494
30 -2.46630776956
31 -1.97323893358
32 -2.46639171332
33 -1.97332946561
34 -2.4665523173
35 -1.97311337065
36 -2.46706468644
37 -0.986807372241
38 -3.4530829618
39 -1.97334504185
40 -2.46671537607
41 -1.97415242233
42 -1.97459778677
43 -2.46733008238
44 -2.46698921728
45 -1.97394199177
46 -2.46759553543
47 -2.46724607473
48 -2.46734469299
49 -1.9740442788
50 -1.97373257996
51 -2.46592583679
52 -2.46580057887
53 -2.46585894991
54 -1.47946210703
55 -2.4657422106
56 -2.46590151387
57 -2.46581638742
58 -1.97275720932
59 -1.97267256693
60 -2.46595867349
61 -1.97254707607
62 -2.46568262917
63 -1.97255874896
64 -2.46575558642
65 -1.97275331755
66 -2.95986424089
67 -1.97313770331
68 -1.97327689761
69 -2.46656935228
70 -2.46568141325
71 -2.46583341224
72 -1.9726570013
73 -2.46686141715
74 -1.97408324808
75 -2.46807422585
76 -2.46769418162
77 -1.97396439659
78 -1.97311531724
79 -2.46527414835
80 -2.46525105377
81 -1.97228349997
82 -2.95804457477
83 -1.97222807043
84 -1.9722066774
85 -2.46528387251
86 -2.46487066331
87 -1.97190722374
88 -2.46559873367
89 -1.97255680347
90 -2.4651258644
91 -2.46466168082
92 -1.9723165647
93 -1.97215805861
94 -2.46531061435
95 -2.4651586798
96 -2.46597083546
97 -1.97231072967
98 -2.46579206666
99 -2.46596353826
100 -1.97282045262
101 -2.46621166706
102 -2.46559143868
103 -1.97232531731
104 -1.97310071791
105 -2.95998105612
106 -1.97341513797
107 -1.97390692437
108 -2.46676040356
109 -2.46696974212
110 -1.9741933446
111 -1.97359624267
112 -2.46744940742
113 -2.46756021957
114 -1.97424791026
115 -2.46738487306
116 -1.97356995121
117 -2.46685533176
118 -1.973350883
119 -2.46686263423
120 -2.46736052134
121 -2.46754682417
122 -1.9732730038
123 -2.4666192418
124 -1.97318442368
125 -2.46614476467
126 -1.9729051077
127 -2.46680543269
128 -2.46615084656
129 -1.97281947962
130 -2.46656570191
131 -1.97355534515
132 -2.46632723427
133 -1.97302091205
134 -2.96052582886
135 -1.97438141396
136 -1.9746533496
137 -2.46778796371
138 -2.46808275383
139 -1.97382607928
140 -1.97458608973
141 -2.96164228988
142 -1.97396244833
143 -2.46743236028
144 -1.97366927816
145 -2.4664720127
146 -1.97313186342
147 -1.9733284921
148 -2.96170369043
149 -1.48099439888
150 -2.96112487212
151 -1.97437946487
152 -2.4681899677
153 -2.46685776591
154 -1.97354950279
155 -1.97319221063
156 -2.46613016827
157 -2.46644646233
158 -2.4659793489
159 -1.97297419942
160 -1.97278153319
161 -2.95985255988
162 -1.48006646485
163 -2.4651538182
164 -2.46508454254
165 -1.97285742751
166 -2.46620801774
167 -1.97286521188
168 -2.95963501781
169 -1.97305302827
170 -1.97327495071
171 -2.46651459782
172 -2.46709390154
173 -2.46761989178
174 -1.97372673655
175 -2.4677453346
176 -1.97416508857
177 -1.97404038196
178 -2.46753342891
179 -2.4678147599
180 -1.97416216558
181 -2.46763694151
182 -2.46769174582
183 -1.9739897244
184 -1.97368485976
185 -2.46747863164
186 -2.46787688058
187 -1.97443988842
188 -2.46792925928
189 -2.46751029199
190 -1.97424401261
191 -2.46763694151
192 -1.97422647339
193 -2.46742140152
194 -2.46757483291
195 -1.97434243291
196 -2.46737391473
197 -1.97409201638
198 -2.46763207014
199 -1.97394686234
200 -2.46728503409
201 -1.97458608973
202 -2.96110879706
203 -1.48052224929
204 -2.46713285609
205 -2.46673606417
206 -2.46617395799
207 -1.97314938319
208 -2.46646349585
209 -1.97333433316
210 -2.46615327932
211 -1.97306276066
212 -2.46651824804
213 -2.46677500742
214 -1.97396439659
215 -1.97374231906
216 -2.46727407665
217 -1.97402576893
218 -2.46774411665
219 -2.46807666241
220 -1.97374134514
221 -2.46679813056
222 -2.46602556578
223 -1.97346381876
224 -2.46671780995
225 -1.97333141262
226 -2.46629317123
227 -2.4666788685
228 -1.97322238562
229 -2.46633696674
230 -2.46635156559
231 -1.4799233597
232 -2.46682612231
233 -2.46721320374
234 -1.97333141262
235 -2.46612165378
236 -1.97336743312
237 -2.46586624648
238 -1.97288564612
239 -2.46591610756
240 -1.97265602846
241 -2.46596840305
242 -2.46595988968
243 -2.46548201899
244 -2.46535315937
245 -1.972722184
246 -1.97286618493
247 -2.46580909114
248 -1.97308806533
249 -2.46601583577
250 -2.4660377284
251 -1.97280683065
252 -2.46613381735
253 -2.46610097598
254 -1.97295862903
255 -1.97260155076
256 -2.46598178133
257 -1.9729051077
258 -2.95952114948
259 -1.47945043348
260 -2.46583341224
261 -2.46557320139
262 -2.46656570191
263 -2.46702086508
264 -1.9733966399
265 -1.97348329175
266 -2.46674823381
267 -1.97352126519
268 -2.46749933254
269 -1.97399654353
270 -2.96127832463
271 -1.97408032533
272 -2.46756387289
273 -1.48069543329
274 -2.96163498046
275 -1.97390497621
276 -2.46773071925
277 -1.97382023531
278 -2.46744210147
279 -2.46771610407
280 -1.97394783645
281 -1.97375205825
282 -2.96151218761
283 -1.97491755954
284 -1.9744496345
285 -2.46751516288
286 -2.46782085003
287 -2.46782085003
288 -1.97425960329
289 -1.97401115612
290 -2.46750420339
291 -2.46717181187
292 -2.46730451423
293 -1.97411052749
294 -2.46744575444
295 -1.97330318126
296 -2.46638076381
297 -1.97299852864
298 -2.46600245712
299 -1.97255972171
300 -2.46586867868
301 -1.97263754462
302 -2.46582733192
303 -2.46552456994
304 -1.97238464262
305 -2.46571667535
306 -2.46571910725
307 -1.47941614349
308 -2.4666557476
309 -2.46738122027
310 -2.46650486395
311 -1.9735095809
312 -2.46717059448
313 -1.97342876835
314 -2.46684802933
315 -1.97343753083
316 -1.97344239892
317 -2.46685168054
318 -2.46560967624
319 -2.46567168595
320 -1.97278445209
321 -2.46569478841
322 -1.972205705
323 -1.9726784041
324 -2.46644524566
325 -2.46646836261
326 -2.46604502604
327 -1.97297419942
328 -2.46589664934
329 -2.46580057887
330 -1.97254026694
331 -1.97237977975
332 -2.46565344748
333 -2.46571424344
334 -1.97259571404
335 -2.46622018216
336 -1.97264143593
337 -2.46573613073
338 -1.97269591583
339 -2.4655877912
340 -2.46645132902
341 -1.97306665364
342 -2.46583706045
343 -1.97284867018
344 -2.46536409976
345 -2.46544554792
346 -1.97249844049
347 -1.97272607564
348 -2.46558657537
349 -1.9720530502
350 -2.46553915917
351 -1.97239923136
352 -2.46593678226
353 -1.97332070408
354 -2.46642456243
355 -2.46581638742
356 -1.97288467305
357 -2.46583706045
358 -1.97304524242
359 -2.46765277362
360 -1.97342779474
361 -1.97393809533
362 -2.46727772912
363 -2.46707199015
364 -1.97346284512
365 -2.46721198631
366 -1.97370433712
367 -2.46733129992
368 -1.97383971533
369 -1.97356313502
370 -2.46727042419
371 -2.46754438866
372 -1.97360598042
373 -1.97335283006
374 -2.46625545967
375 -1.97324672096
376 -2.96104888248
377 -1.48052882516
378 -2.46746401944
379 -2.46774411665
380 -1.97377056299
381 -2.46732764729
382 -1.97378419828
383 -1.97317955687
384 -2.46667643471
385 -2.46683950989
386 -1.97383874132
387 -1.97430832576
388 -2.46706590372
389 -1.97353587074
390 -1.97361961344
391 -2.95967589576
392 -1.9734054021
393 -1.97344726702
394 -2.46737391473
395 -1.97413196184
396 -2.46686750257
397 -1.97330318126
398 -2.46678717744
399 -1.97346966062
400 -2.4668455952
401 -1.97335283006
402 -2.46714746436
403 -2.46711337866
404 -1.97411345033
405 -2.46727529414
406 -1.97345700331
407 -2.46679447951
408 -1.97339761347
409 -2.46712555202
410 -1.97312797017
411 -1.9730403763
412 -2.46628830516
413 -1.97358066246
414 -2.4678610456
415 -1.97440382876
416 -2.46775264235
417 -1.97425473118
418 -2.46717181187
419 -1.97425862887
420 -2.4676698238
421 -2.46767834898
422 -2.46729599163
423 -1.47985254749
424 -2.96018988631
425 -1.97385724768
426 -2.46877859154
427 -1.97500239469
428 -2.46832277961
429 -1.97429468322
430 -2.46803036862
431 -1.97493803632
432 -0.987627008833
433 -3.45656651347
434 -1.97517403752
435 -2.46845804312
436 -1.97474011186
437 -2.46821799104
438 -2.46812539459
439 -1.97351347564
440 -2.46677987542
441 -1.97384166336
442 -2.46729964417
443 -1.97435802515
444 -2.46739217866
445 -2.46677865842
446 -1.97371115428
447 -2.46698191406
448 -1.97378906807
449 -2.46736904439
450 -1.97374621472
451 -1.97414073057
452 -2.46887977049
453 -2.46796214936
454 -1.97423037097
455 -2.46789880628
456 -1.97455099944
457 -2.4682058069
458 -1.97448374654
459 -2.46771975785
460 -1.97432001951
461 -2.46806447967
462 -1.97421283199
463 -2.46791829611
464 -1.97451396105
465 -1.97462800477
466 -2.46807300757
467 -1.97452760661
468 -2.46695148444
469 -1.97350276512
470 -2.96007597528
471 -1.97364201094
472 -1.9735952689
473 -1.97323893358
474 -2.46758213964
475 -2.46713407344
476 -1.97364103713
477 -1.97369362453
478 -2.46703547202
479 -2.46747497857
480 -2.46717668143
481 -1.97359916398
482 -2.46662775972
483 -1.97353197591
484 -2.46751150971
485 -2.46692592414
486 -1.48002849548
487 -2.46682733935
488 -1.97369557226
489 -2.467067121
490 -2.46760893136
491 -1.97377251088
492 -2.46727772912
493 -1.97383289728
494 -2.46693444418
495 -2.46701964784
496 -1.97324672096
497 -2.46655475086
498 -1.97388841707
499 -2.46663384399
500 -1.97382218329
501 -2.46688941033
502 -2.46709024962
503 -1.97425960329
504 -1.97377640666
505 -2.46694174712
506 -2.46696243902
507 -2.46672632855
508 -1.97326716311
509 -1.97328955262
510 -2.46777091189
511 -2.46736417407
512 -2.46722537808
513 -1.9740004402
514 -2.46676040356
515 -1.97391958745
516 -1.48028701778
517 -3.45419563873
518 -1.97437849033
519 -1.9738445854
520 -2.46712798671
521 -2.46761745612
522 -1.97367999049
523 -2.46727285916
524 -2.46730694927
525 -1.97373452777
526 -2.46741287812
527 -1.97391763927
528 -2.46723268274
529 -2.4673020792
530 -2.4669636562
531 -1.4799233597
532 -2.46697582808
533 -2.46771610407
534 -1.97429955554
535 -2.46729964417
536 -2.46674458291
537 -1.97312602356
538 -2.46704277556
539 -2.46687723931
540 -1.97389328738
541 -2.46757726848
542 -1.97344434616
543 -2.46672511161
544 -2.46694052996
545 -1.97361377069
546 -2.46700260663
547 -2.46670564062
548 -1.97367219969
549 -1.97359040006
550 -2.46736660923
551 -2.46719615986
552 -2.46688575901
553 -1.97361084933
554 -2.46711581332
555 -2.46682612231
556 -1.97371212816
557 -1.97360305908
558 -2.46701599613
559 -1.97372186706
560 -2.96070697735
561 -1.48005332139
562 -2.96052290729
563 -1.97365759212
564 -2.46693444418
565 -1.97372868435
566 -1.97376666723
567 -2.46698069686
568 -2.46728868659
569 -2.46802793215
570 -1.9742508335
571 -2.46758092185
572 -1.97398290531
573 -1.97348523907
574 -2.46684316107
575 -2.46710850935
576 -2.46761745612
577 -2.4668821077
578 -1.97344434616
579 -1.97348913372
580 -2.46680299865
581 -2.46647444609
582 -1.97350763353
583 -2.46646836261
584 -1.97305010857
585 -2.46531547656
586 -1.97266283839
587 -1.97262100674
588 -2.46558535955
589 -2.46562791406
590 -1.97309974463
591 -1.97370628487
592 -2.46715842068
593 -2.46712311734
594 -1.97369946774
595 -1.97264532725
596 -2.46575680241
597 -2.46634426614
598 -1.97306470715
599 -1.97310461105
600 -2.46648174631
601 -1.97314451656
602 -2.46694174712
603 -1.97360890177
604 -1.97258404071
605 -2.46562548234
606 -2.46619950272
607 -1.97290900007
608 -2.46606935179
609 -1.97307833269
610 -2.46597813269
611 -1.97306665364
612 -1.97277958726
613 -2.4657726104
614 -1.97260155076
615 -2.46575923439
616 -1.97258890458
617 -1.97318247696
618 -2.96027313453
619 -1.47986276739
620 -2.46598299754
621 -2.46589056871
622 -1.97258014963
623 -1.97234865799
624 -2.95888773437
625 -1.47946210703
626 -2.95868492373
627 -1.47928191711
628 -2.46568262917
629 -1.97263754462
630 -2.46668616993
631 -2.46661194077
632 -2.46659733884
633 -1.97294500514
634 -1.9728593736
635 -1.97377153693
636 -2.46750663883
637 -2.46800234954
