0 11.353679456
1 11.8473586314
2 10.8594569087
3 11.3554283638
4 10.8618910552
5 11.3536290147
6 10.8630495345
7 10.8605076399
8 11.3534664848
9 10.8595641168
10 10.8581866532
11 10.8589959377
12 10.8581491396
13 11.3534608804
14 10.8604379422
15 10.8604486649
16 11.3519310869
17 10.8584117401
18 10.8584653336
19 12.3350312915
20 9.86580531609
21 10.8536226186
22 11.8383006514
23 10.3603681384
24 10.3584926322
25 11.3461238681
26 10.8521235386
27 10.8533120608
28 10.8528301961
29 11.3454018813
30 10.8550846203
31 11.3482847808
32 10.3592488854
33 11.3467339906
34 10.8535476547
35 11.3513764284
36 10.8602878272
37 10.8562523625
38 10.854752556
39 10.8566809547
40 11.350939463
41 10.8558827288
42 10.3628477106
43 11.3507546031
44 11.3489623348
45 10.8500736819
46 10.849522547
47 10.8497793796
48 11.3425428206
49 10.8492657266
50 10.849966661
51 10.8495921047
52 11.3433539536
53 10.8496991181
54 10.8502181634
55 11.3421456874
56 10.8490035683
57 11.3422128065
58 10.8493245802
59 10.8501432466
60 10.8528355499
61 11.345541794
62 10.8530229369
63 10.85290515
64 10.8489982183
65 10.8496670139
66 10.8496135072
67 11.3475625189
68 10.8574578644
69 10.8595265937
70 10.8578543991
71 11.3502952804
72 10.8521342448
73 10.8472062527
74 10.8471046366
75 11.3406301249
76 10.8461634408
77 10.8472543873
78 11.340188395
79 10.847249039
80 10.8454309185
81 11.3384665365
82 10.8486344281
83 11.34220162
84 10.3535286305
85 11.3374437318
86 10.8477411058
87 11.339908837
88 10.8473667031
89 10.8466981911
90 10.850271676
91 11.3407866956
92 10.8494850933
93 11.343432276
94 10.8505124894
95 10.851331335
96 10.8486023302
97 11.3408705745
98 11.345329128
99 10.3599336964
100 11.3471370433
101 11.3499648151
102 10.8537457757
103 10.8546668653
104 11.3516117314
105 10.8547793347
106 10.8567773926
107 11.35077701
108 10.8583635064
109 10.8564934414
110 11.8414197073
111 10.8541634598
112 10.8534298565
113 10.8541955906
114 11.3498583982
115 10.8572060263
116 10.8530015209
117 10.8531246639
118 11.3458104362
119 10.8510369646
120 11.3442043693
121 10.8539439039
122 10.8510637248
123 11.3437120078
124 10.8528890884
125 11.3479432346
126 10.8518398308
127 11.3448702443
128 10.361840401
129 11.3526931303
130 11.3542567602
131 10.3647094476
132 11.3531806676
133 10.856043436
134 11.353870016
135 10.3657480146
136 11.3502840779
137 10.8567023852
138 11.3485983494
139 10.8524768559
140 10.8522252488
141 11.3466388296
142 10.8595801982
143 11.3542903914
144 10.3639370524
145 11.352681923
146 10.8600358579
147 10.85417417
148 11.347909641
149 11.3458552111
150 10.8509727404
151 10.8523644342
152 10.8503091352
153 11.3446016466
154 10.8502984325
155 10.8527927196
156 11.3471762305
157 10.8466768001
158 10.8463719872
159 11.3439302082
160 10.8513152781
161 11.3439749683
162 10.3587225623
163 11.3450549125
164 11.3463309666
165 10.3593613108
166 10.8552131668
167 11.3510515022
168 10.855497051
169 10.8580794723
170 11.3514492593
171 11.3507321963
172 10.8571470872
173 10.8583849436
174 10.8578919107
175 10.8576025427
176 11.3513820308
177 10.8569434842
178 11.3486879436
179 10.8569059792
180 10.8586582746
181 11.3530293584
182 10.365302889
183 10.8570452847
184 11.8454640757
185 10.8576025427
186 10.8582456036
187 10.8566541667
188 10.8573292648
189 11.3524689893
190 10.3629704418
191 11.3510290942
192 10.8575811086
193 11.3501944584
194 10.85605415
195 11.353870016
196 10.3638807897
197 11.3506705779
198 11.348811138
199 10.8536386824
200 10.8511654152
201 11.3456089534
202 10.8524393817
203 11.3466724156
204 10.3578437731
205 11.3451108738
206 11.345983941
207 10.3604550312
208 11.3502952804
209 10.8555827548
210 10.8560059372
211 11.3506481714
212 10.8580741133
213 11.3531526471
214 10.8555773983
215 11.3472714006
216 10.3573073763
217 11.8407829126
218 10.8535583638
219 11.3466556226
220 10.8516899534
221 10.8533870214
222 11.3460287173
223 10.3586152603
224 11.3452172017
225 11.3460790911
226 10.8540349382
227 10.8557380964
228 10.8533227694
229 11.3441596074
230 11.3468627405
231 10.8498114845
232 10.8508710537
233 10.8500308733
234 11.3427721637
235 10.8502609734
236 10.8502235146
237 10.8481208836
238 10.8475539012
239 11.343152558
240 11.3439805633
241 10.849560001
242 11.3452563757
243 10.8504696774
244 10.850566005
245 10.8504375686
246 10.8509887964
247 11.3440644895
248 10.8512724597
249 11.3424589169
250 10.8503198378
251 11.3442043693
252 10.3583240232
253 11.8356034678
254 10.8496670139
255 10.8485220861
256 10.8528890884
257 10.8548918063
258 11.3470306794
259 11.3475289276
260 10.8536922288
261 10.8543669585
262 11.3504969297
263 10.8569809894
264 10.8580205236
265 10.8574417893
266 11.3507938153
267 11.3519983219
268 10.8593282617
269 10.8564773692
270 10.8580151647
271 11.349466353
272 10.8567452465
273 10.8579508579
274 11.3502000596
275 10.8556363204
276 10.8588780212
277 11.3557759673
278 10.8594729898
279 11.3505697493
280 10.8584117401
281 10.8584117401
282 11.3519927189
283 10.8570613587
284 11.3505193356
285 10.8555559722
286 10.8561398626
287 10.8576079012
288 11.3502504704
289 10.8531674969
290 10.8520753608
291 11.8379911718
292 10.3572103199
293 11.3422183998
294 11.3429959219
295 10.8495064954
296 10.8496402605
297 11.3414130217
298 10.8481155344
299 10.8491533715
300 10.8491640719
301 11.3421904334
302 11.346616439
303 10.8564773692
304 10.8526214014
305 11.3476800901
306 11.3489847346
307 11.347215418
308 10.8541313291
309 11.3472658023
310 11.3472937938
311 10.8541473944
312 10.8486825754
313 11.3420897554
314 10.8503144865
315 11.3421960267
316 11.3401828037
317 10.8497312226
318 10.8523590809
319 11.345754468
320 10.8505981146
321 11.3446016466
322 10.8499452571
323 10.849522547
324 11.3421065349
325 11.3411837336
326 10.8488751689
327 10.8491426712
328 11.3424253557
329 10.8513688015
330 11.3426882566
331 10.8492389752
332 11.343001516
333 10.8485862813
334 10.8523858477
335 11.3451332585
336 10.849683066
337 11.3438798535
338 10.847602039
339 10.8479604109
340 11.3418660328
341 11.3431749349
342 10.8485809316
343 11.3393050386
344 10.8483723004
345 11.3412955803
346 10.8501218419
347 11.3465940485
348 10.8522680747
349 10.8495921047
350 11.3440868701
351 10.849683066
352 11.3450101439
353 10.8576722039
354 11.3472098198
355 11.3501440481
356 10.8560220081
357 10.8551167566
358 11.3474113594
359 10.8557327398
360 11.3487999384
361 10.8562577197
362 11.3495783632
363 10.8545972426
364 11.3494439513
365 10.8571953101
366 11.3482343874
367 11.3467787728
368 10.8515240226
369 10.8528569653
370 10.8571792357
371 11.3507209929
372 10.8568416855
373 11.3516229366
374 11.3491807372
375 10.8562416481
376 10.8558130905
377 11.345782452
378 10.8533763127
379 10.8540938435
380 11.8430324479
381 10.8586957917
382 10.8550899764
383 11.3478312568
384 11.3483127773
385 10.8521449511
386 10.8537297115
387 11.3473217854
388 10.8564452248
389 10.8577257901
390 11.3475905118
391 11.3464932922
392 10.3605061453
393 11.3474505486
394 11.3474897379
395 10.8534405653
396 10.8554488432
397 11.3487215418
398 10.8576239768
399 11.349466353
400 10.8540135182
401 10.8538957098
402 11.3470362775
403 10.8553524289
404 11.3454858285
405 10.8517220696
406 11.3449262037
407 10.8546936435
408 11.3521608098
409 10.8592210582
410 11.3516621548
411 10.8584010215
412 10.8555559722
413 11.351987116
414 10.8577472247
415 10.8577847355
416 11.3495615615
417 11.3455361974
418 10.3606646021
419 11.3496791742
420 10.8626258028
421 11.3562637695
422 10.8606202303
423 11.3521944285
424 10.8593336219
425 10.8621591998
426 11.3577106016
427 10.8634947566
428 11.3572507158
429 11.3549069984
430 10.8610706152
431 10.8601591606
432 10.8597517362
433 11.3477024849
434 10.8538314518
435 11.3495895643
436 10.8561184343
437 11.3525586446
438 10.8565255861
439 10.853826097
440 11.3488391371
441 10.8547204219
442 11.3492871414
443 10.8564237953
444 11.3490407347
445 10.8577740181
446 11.3568469443
447 10.8590334572
448 11.3518246331
449 10.3651749864
450 11.3536682468
451 11.3537467117
452 11.3532815426
453 10.8579669345
454 11.3523401122
455 10.8594837105
456 11.3517237839
457 10.8588405029
458 11.353455276
459 11.3541110274
460 10.8595212333
461 11.353533738
462 10.8545865315
463 11.3476408995
464 10.8536119094
465 11.8418520657
466 10.8547739789
467 11.3461238681
468 10.8573614144
469 11.3488167378
470 11.3484359635
471 11.348738341
472 10.8549560769
473 10.8568899057
474 10.8555773983
475 11.8415949839
476 10.8531621428
477 11.3478088615
478 10.8570506427
479 10.8544740662
480 11.8402279639
481 10.8540402932
482 11.3487495405
483 10.8550953324
484 11.3510010843
485 10.8557488098
486 10.8560220081
487 11.8429973837
488 10.8545115544
489 10.8548864505
490 11.8394803257
491 10.3595299536
492 11.3498583982
493 11.3465156824
494 11.3494775539
495 10.8543134055
496 10.8551970983
497 11.3519927189
498 11.3492143383
499 10.8545436873
500 11.3480272195
501 10.8535958456
502 10.8529693971
503 11.3464149275
504 11.3517461947
505 10.8564023659
506 11.3492367392
507 10.8570024211
508 11.3470978564
509 10.856557731
510 11.3488671363
511 10.856043436
512 11.3526763194
513 11.349606366
514 10.8553631415
515 10.8575168069
516 11.3486599453
517 11.3494551521
518 10.8561505768
519 11.3489735347
520 10.8566166637
521 11.3500264258
522 11.3492703406
523 10.8561291485
524 10.8546400873
525 11.8393868776
526 11.3480888092
527 10.8579508579
528 11.3522224443
529 10.8561184343
530 11.3470250814
531 10.8521931296
532 10.8549882125
533 11.3476353008
534 11.3498864024
535 10.8573399813
536 11.3473049904
537 11.3469355134
538 10.8545383318
539 11.3482791815
540 11.3482119905
541 10.8535048187
542 11.3486151482
543 10.8547472003
544 11.3498864024
545 10.8556631034
546 10.8542973397
547 11.3482623837
548 11.3487327413
549 10.8540349382
550 11.3488447369
551 11.3482175897
552 10.854870383
553 11.3489007356
554 10.8559255836
555 11.347075464
556 10.8552506601
557 11.3485311547
558 10.8545115544
559 11.8423721061
560 10.8557166697
561 10.8547150662
562 11.3495279583
563 10.8593229015
564 11.845505001
565 10.8573560561
566 11.3504017055
567 11.3475401247
568 10.8541099087
569 10.8552774412
570 10.8575168069
571 11.3476576954
572 11.3473049904
573 10.8541902355
574 11.3472937938
575 10.8524875628
576 11.8410458012
577 10.8524607955
578 10.8517755971
579 10.8473880969
580 11.8359770303
581 10.8494155371
582 11.3416926539
583 10.8487628219
584 11.3453235316
585 11.348811138
586 10.855497051
587 10.8553417163
588 11.3487719395
589 11.3427106317
590 11.3424812911
591 10.851914771
592 11.3451220661
593 11.3453515135
594 10.8525196838
595 11.3455809702
596 10.8545436873
597 11.3482511852
598 11.3423582341
599 11.3418772188
600 10.3580379114
601 11.3442267504
602 11.3439190182
603 10.8519308298
604 11.3434994104
605 11.3451332585
606 10.8502877299
607 10.8493994857
608 11.3424589169
609 10.8493406313
610 11.3423862013
611 11.3457992425
612 10.8543348266
613 11.8389021391
614 10.8503251892
615 10.8499185023
616 11.3423358604
617 10.8479176189
618 10.849255026
619 11.8356968562
620 10.355397233
621 11.8342553369
622 10.8490035683
623 11.3426658816
624 10.8534191477
625 11.3464149275
626 10.3597088231
627 11.8376700309
628 10.8507265548
629 11.3491863374
630 10.8570292108
631 10.859210338
