0 0.0
1 0.0
2 0.0
3 -0.986681282705
4 -0.49334356199
5 -0.986669113606
6 -0.986689557864
7 -0.493432901514
8 -1.48020156398
9 -0.493638237218
10 -0.987279885949
11 -0.493611677668
12 -0.987428553373
13 -0.987444641385
14 -0.987272088238
15 -0.493774978842
16 -0.987318876352
17 -0.493628977601
18 -0.987233101531
19 -1.48066181635
20 -0.493590724443
21 -0.98710446724
22 -0.493628733931
23 -0.987312540202
24 -0.987313514989
25 -0.493562221168
26 -0.98712834001
27 -0.987133212146
28 0.49340125166
29 -1.97316106322
30 -0.986692965323
31 -0.986525054284
32 -0.493350863734
33 -0.986523107824
34 -0.986619466791
35 -0.493278342664
36 -0.986664732804
37 -0.98662092692
38 -0.493278342664
39 -1.48023881186
40 0.0
41 -1.47989269791
42 -0.493336260462
43 -0.986686150429
44 -0.493538105584
45 -0.987298893386
46 -0.986932032952
47 -0.493397843457
48 -0.986970995883
49 -0.987038214171
50 -0.986898429894
51 -0.986937877195
52 -0.9870221394
53 0.0
54 -1.47955550207
55 0.0
56 -1.47951536995
57 -0.493154035677
58 -0.986296884239
59 -0.986360605547
60 -0.986326554968
61 -0.493189302329
62 -0.986336283465
63 -0.986383469397
64 -0.493136769017
65 -0.986273051667
66 -0.493139687241
67 -0.986302234566
68 -0.493188329389
69 -1.47993212045
70 -0.493284425827
71 -0.493319224404
72 -1.47994161137
73 -0.49313628265
74 -0.986333364896
75 -0.986328500652
76 -0.493372283431
77 -0.987041624039
78 -0.987229690341
79 -0.987077672649
80 -0.493491099148
81 -0.493278829311
82 -0.986109659339
83 -0.986100421509
84 -0.493070874994
85 -1.47902228739
86 -0.493057017607
87 -0.49305166935
88 -0.986113549003
89 -0.985948265323
90 -0.492976805934
91 -0.986239493467
92 -0.493139200868
93 -1.47907551864
94 -0.492932336164
95 -0.986158282349
96 -0.493039514652
97 -0.493062122869
98 -1.47909520788
99 -0.493194167091
100 -0.493077682417
101 -0.986316826664
102 -0.986385415305
103 -0.986410226312
104 -0.986484666822
105 -0.493118287736
106 -0.986162658655
107 -0.493275179478
108 -0.98666035204
109 -0.986707568984
110 -0.493476731092
111 -0.986704161425
112 -0.986787896849
113 -0.49354833615
114 -0.493399060667
115 -0.986979762967
116 -0.987024087829
117 -0.987123955129
118 -0.986953949222
119 0.0
120 -0.986742132705
121 -0.9866754415
122 -0.986745053694
123 -0.493472104269
124 -0.987018729667
125 -0.9866365019
126 -0.49332384836
127 -0.986592211841
128 -0.493228952934
129 -0.986452553852
130 -0.493361086539
131 -0.986460338622
132 -0.493204869905
133 -0.986626280764
134 -0.493388836288
135 -0.986530893708
136 -0.493255228012
137 -1.48026291443
138 -0.493595353491
139 -0.493663337401
140 -1.48067277823
141 -0.493616550766
142 -0.493456519819
143 -0.987293044866
144 -0.987214096628
145 -0.493490612081
146 -0.986972944111
147 -0.49341731954
148 -0.986588805078
149 -0.493282965854
150 -0.98666424605
151 -0.987234563477
152 -0.493664799626
153 -0.987041624039
154 -0.987189732437
155 -0.493637993539
156 -0.986743106366
157 -0.986774751394
158 -0.493298052657
159 -0.493226033654
160 -0.986578584931
161 -0.986391739561
162 -0.493243549854
163 -0.986390766593
164 -0.986617519959
165 -0.493355488284
166 -0.986061527281
167 -0.493016908508
168 -0.986428713756
169 -0.493241603548
170 -0.986432605938
171 -0.986545005937
172 -0.493263257067
173 -0.986637475353
174 -0.986605839128
175 -0.986837560616
176 -0.493523978356
177 -0.493431684137
178 -0.987098133842
179 -0.987082544284
180 -0.493510095489
181 -0.493506685782
182 -0.987125903961
183 -0.987081082788
184 -0.987054776605
185 -0.493538349164
186 -0.986994862198
187 -0.493421214941
188 -0.986991452654
189 -0.987150752234
190 -0.493609972106
191 -0.98717170371
192 -0.987004116794
193 -0.493561003153
194 -0.493527388302
195 -0.987113236695
196 -0.98696856061
197 -0.987029933163
198 -0.493585608228
199 -0.98694956589
200 -0.493523004094
201 -0.987052828054
202 -0.493486715584
203 -0.986914013636
204 -0.493646522433
205 -0.987036265686
206 -0.987014832859
207 -0.493426571218
208 -0.98669442567
209 -0.986469583197
210 -0.493287345798
211 -0.986585398339
212 -0.493333583289
213 -0.986461311727
214 -0.493265690165
215 -0.986607299217
216 -0.98671000297
217 -0.493491099148
218 -0.986871159529
219 -0.986909630659
220 -0.493506442233
221 -0.987097646661
222 -0.493615332482
223 -0.986870672572
224 -0.493359626112
225 -1.47961533947
226 0.0
227 -1.48003068597
228 -0.493332853156
229 -0.986517268492
230 -0.986671547402
231 -0.493305596404
232 -0.986534786696
233 -0.986540626236
234 0.0
235 -0.986730448923
236 -0.986885281494
237 -0.986665706312
238 -0.493224330756
239 -0.493341858281
240 -0.986346498593
241 -0.986442823061
242 -0.493183221512
243 -0.986328014231
244 -0.493193680611
245 -0.986383955873
246 -0.986192807597
247 -0.98614126375
248 -0.493180546
249 -0.986433092463
250 -0.493161818228
251 -0.493272016333
252 -1.47960950146
253 -0.493207545681
254 -0.986403415323
255 -0.986453526941
256 -0.493220195197
257 -0.986479314515
258 -0.49315038769
259 -0.986392712531
260 -0.493226276926
261 -1.47976057474
262 -0.493150144493
263 -0.986333364896
264 -0.493114640278
265 -0.986626280764
266 -0.98680834603
267 -0.493349159974
268 -0.986741645875
269 -0.493349646762
270 -0.986760632593
271 -0.986999733017
272 -0.493499135883
273 -1.48063916231
274 -0.493520081332
275 -0.987025549156
276 -0.49356514443
277 -0.987211660154
278 -0.493476244054
279 -0.9870922877
280 -0.986910117654
281 -0.986976840588
282 -0.493543220814
283 -0.493486959114
284 -0.986876029127
285 -0.987170729203
286 -0.987458779768
287 -0.493612408626
288 -0.987006065152
289 -0.98712834001
290 -0.98712834001
291 -0.493564900823
292 -0.987005578062
293 -0.493500840679
294 -0.986868724748
295 -0.986921805692
296 -0.987055263744
297 -0.493489150888
298 -0.98665159063
299 -0.986552305523
300 -0.493249632159
301 -0.98640098285
302 -0.493139930428
303 -0.986347471474
304 -0.493159386155
305 -0.986330932768
306 -0.986209827975
307 -0.986192321309
308 -0.493143335069
309 -0.986287642901
310 -0.493138714496
311 -0.493331149521
312 -0.986952488107
313 -0.986601945579
314 -0.986754790448
315 -0.493434118897
316 -0.493357192087
317 -0.986739211734
318 -0.986718765417
319 -0.493360599729
320 -0.986740672217
321 -0.986243870494
322 -0.986268674381
323 -0.493196113023
324 -0.986277915364
325 -0.49305142625
326 -0.986339202052
327 -0.986578098262
328 -0.986587345044
329 -0.986418010415
330 -0.493243549854
331 -0.493179329868
332 -0.986320231549
333 -0.986270133472
334 -0.493094944939
335 -0.493130689495
336 -1.47942854607
337 -0.493148928511
338 -0.986488072866
339 -0.986320717963
340 -0.493147226145
341 -0.986347957915
342 -0.986235116479
343 -0.986580531609
344 -0.493266663411
345 -0.493167412089
346 -0.986424335088
347 -0.493072819952
348 -0.986178219169
349 -0.986249220247
350 -0.49318151891
351 -0.98623463015
352 -0.49301326255
353 -0.986215663669
354 -0.986199615678
355 -0.493187356452
356 -0.98666035204
357 -0.493284912486
358 -1.47948983245
359 -0.493221168263
360 0.0
361 -1.47978393182
362 -0.987061109447
363 -0.493356948686
364 -0.986969047664
365 -0.986911091647
366 -0.49341439803
367 -0.986731422561
368 -0.986884794523
369 -0.493426084279
370 -0.986932519969
371 -0.493459928833
372 -0.493390783756
373 -0.986908169675
374 -0.987017755462
375 -0.493401495105
376 -0.98667641503
377 -0.986502183869
378 -0.493311680239
379 -0.987016294158
380 -0.493509608385
381 -0.986985607776
382 -0.987097646661
383 -0.493442640747
384 -0.986931058918
385 -0.986892099139
386 -0.493294889218
387 -0.986670573882
388 -0.986735803955
389 -0.493459685331
390 -0.493577081439
391 -0.986826361487
392 -0.986767935371
393 -0.493404903359
394 -0.986558631919
395 -0.493351350525
396 -0.986723633511
397 -1.48042434884
398 -0.49353299046
399 -0.493373500515
400 -0.98665159063
401 -0.986714870977
402 -0.986734830309
403 -0.49336911904
404 -0.98667641503
405 -0.986858985746
406 -0.493422675732
407 -0.987056725163
408 -0.986910117654
409 -0.493364250826
410 -0.986717791805
411 -0.493349403368
412 -1.48027533121
413 -0.493281992544
414 -0.493260094075
415 -0.986515322063
416 -0.986790331231
417 -0.987144418241
418 -0.493600957191
419 -0.987101056938
420 -0.493563682795
421 -0.986868724748
422 -0.987129314434
423 -0.987067929521
424 -0.987071339594
425 -0.986918396652
426 -0.493284182497
427 -0.986729962105
428 -0.493464311921
429 -0.987511436617
430 -0.987501197345
431 -0.987329111843
432 -0.493573670806
433 -0.987212147448
434 -0.98746901816
435 -0.493813504417
436 -0.987590432421
437 -0.493793509381
438 -0.98738321725
439 -0.98737005593
440 -0.987287196415
441 -0.987250157837
442 -0.493378368911
443 -0.986711950167
444 -0.493460415839
445 -0.986919857666
446 -0.493589506287
447 -0.986956871465
448 -0.986711463367
449 -0.49342778857
450 -0.986792765625
451 -0.986894534035
452 -0.986947617755
453 -0.493436553681
454 -0.987070365285
455 -0.493775954099
456 -1.48077728961
457 -0.493557592742
458 -0.987159522511
459 -0.493637749861
460 -0.987282322759
461 -0.493620936636
462 -0.987087903139
463 -0.987160009753
464 -0.987225791866
465 -0.987106415994
466 -0.493583659222
467 -0.987256980524
468 -0.493657001192
469 -0.98722920303
470 -0.987263803305
471 -0.986780593775
472 -0.493375691281
473 -0.986691991761
474 -0.986821005472
475 -0.986797634449
476 -0.493309733396
477 -0.987032855856
478 -0.986853629376
479 -0.493410259282
480 -0.493423406131
481 -0.986814188809
482 -1.48048498714
483 -0.986870672572
484 -0.493399790996
485 -0.98665110389
486 -0.493382993976
487 -0.987004603883
488 -0.986770369654
489 -0.493342831827
490 -0.986730935742
491 -0.98684778613
492 -0.4934134242
493 -0.987043572545
494 -0.986886255438
495 -0.986911091647
496 -0.49345822432
497 -0.986773777671
498 -0.986807859135
499 -0.493311680239
500 -1.47993285051
501 -0.493472104269
502 -0.986653537597
503 -0.493455545824
504 -0.986755764134
505 -0.986836099846
506 -0.493564900823
507 -0.986888203331
508 -0.986776698847
509 -0.986784975607
510 -0.986690531422
511 -0.493316790777
512 -0.493322388154
513 -0.987108364756
514 -0.986945669628
515 -0.986890151231
516 -0.987000220101
517 -0.493352080712
518 -0.986959793725
519 -0.986858011856
520 -0.986913039638
521 -0.493594622583
522 -0.49346114635
523 -0.986851194682
524 -0.987046982449
525 -0.986839995243
526 -0.986909143664
527 -0.493461389854
528 -0.986867263886
529 -0.986965151247
530 -0.493479409818
531 -0.986893073096
532 -0.986920831678
533 -0.986785462479
534 -0.493307786567
535 -0.493395165615
536 -1.48062966244
537 -0.493574888884
538 -0.986919857666
539 -0.493348916581
540 -0.98656301178
541 -1.48022566534
542 -0.493375447862
543 -0.986946643691
544 -0.987030907392
545 -0.493361086539
546 -0.986690044643
547 -0.986776211983
548 -0.493403442673
549 -0.986801042654
550 -0.986682256246
551 -0.493418049923
552 -0.986795200031
553 -0.986946643691
554 -0.986878463943
555 -0.986754303606
556 -0.493402712333
557 -0.98684632533
558 -0.986730448923
559 -0.493428032041
560 -0.986801529542
561 -0.986806398453
562 -0.493430466765
563 -0.986902325783
564 -0.493351107129
565 -1.48026145365
566 -0.49341439803
567 -0.986773777671
568 -0.493432171087
569 -0.986883333613
570 -0.986792278745
571 -0.493457737319
572 -1.48081675929
573 -0.493562708376
574 -0.98703236874
575 -0.493495726327
576 -0.986742619535
577 -0.986737264429
578 -0.986843403741
579 -0.987046982449
580 -0.986752843082
581 -0.493361086539
582 -0.986744566861
583 -0.493360599729
584 -0.986589778437
585 -0.493376908382
586 -1.47988101757
587 -0.986525054284
588 -0.493063095312
589 -0.493165709596
590 -0.986310503368
591 -0.986234143821
592 -0.986251165626
593 -0.986549872316
594 -0.493426571218
595 -0.986863368273
596 -0.986849246935
597 -0.986849733871
598 -0.493161331812
599 -0.493151360481
600 -1.47980655969
601 -0.493266176788
602 -0.986552305523
603 -0.493296349262
604 -0.986572258279
605 -0.986776698847
606 -0.986804450883
607 -0.493146010178
608 -0.986250192935
609 -0.986479801086
610 -0.986454500033
611 -0.986427740715
612 -0.493269583172
613 -0.986391253077
614 -0.493266663411
615 -0.986389793628
616 -0.986309044158
617 -0.98630077538
618 -0.986303693757
619 -0.493147226145
620 -0.986591238478
621 -0.986757711512
622 -0.493287589131
623 -0.986393199016
624 -0.986356227483
625 -0.986290074815
626 -0.493087164497
627 -1.47944386719
628 -0.493154035677
629 -0.986228307908
630 -0.49309397237
631 -1.4794095775
632 -0.493159386155
633 -0.986674467973
634 -0.493322388154
635 -1.4799584033
636 -0.493236251286
637 -0.986429686799
638 -0.493442884233
639 -0.987002655531
640 -0.987200939815
